1,0,400,2800,0,60000,60000,-90,-90,1,2000,100,1,2000,100,1,2000,100,1,2000,100
2,0,399,2800,0,60000,60000,-90,-90,1,2000,100,1,2000,100,1,2000,100,1,2000,100
3,0,398,2800,0,60000,60000,-90,-90,1,2000,100,1,2000,100,1,2000,100,1,2000,100
4,0,397,2800,0,60000,60000,-90,-90,1,2000,100,1,2000,100,1,2000,100,1,2000,100
5,0,396,2800,0,60000,60000,-90,-90,1,2000,100,1,2000,100,1,2000,100,1,2000,100
6,0,395,2800,0,60000,60000,-90,-90,1,2000,100,1,2000,100,1,2000,100,1,2000,100
7,0,394,2800,0,60000,60000,-90,-90,1,2000,100,1,2000,100,1,2000,100,1,2000,100
8,0,393,2800,0,60000,60000,-90,-90,1,2000,100,1,2000,100,1,2000,100,1,2000,100
9,0,392,2800,0,60000,60000,-90,-90,1,2000,100,1,2000,100,1,2000,100,1,2000,100
10,0,391,2800,0,60000,60000,-90,-90,1,2000,100,1,2000,100,1,2000,100,1,2000,100
11,0,390,2800,0,60000,60000,-90,-90,1,2000,100,1,2000,100,1,2000,100,1,2000,100
12,0,389,2800,0,60000,60000,-90,-90,1,2000,100,1,2000,100,1,2000,100,1,2000,100
13,0,388,2800,0,60000,60000,-90,-90,1,2000,100,1,2000,100,1,2000,100,1,2000,100
14,0,387,2800,0,60000,60000,-90,-90,1,2000,100,1,2000,100,1,2000,100,1,2000,100
15,0,386,2800,0,60000,60000,-90,-90,1,2000,100,1,2000,100,1,2000,100,1,2000,100
16,0,385,2800,0,60000,60000,-90,-90,1,2000,100,1,2000,100,1,2000,100,1,2000,100
17,0,384,2800,0,60000,60000,-90,-90,1,2000,100,1,2000,100,1,2000,100,1,2000,100
18,0,383,2800,0,60000,60000,-90,-90,1,2000,100,1,2000,100,1,2000,100,1,2000,100
19,0,382,2800,0,60000,60000,-90,-90,1,2000,100,1,2000,100,1,2000,100,1,2000,100
20,0,381,2800,0,60000,60000,-90,-90,1,2000,100,1,2000,100,1,2000,100,1,2000,100
21,0,380,2800,0,60000,60000,-90,-90,1,2000,100,1,2000,100,1,2000,100,1,2000,100
22,0,379,2800,0,60000,60000,-90,-90,1,2000,100,1,2000,100,1,2000,100,1,2000,100
23,0,378,2800,0,60000,60000,-90,-90,1,2000,100,1,2000,100,1,2000,100,1,2000,100
24,0,377,2800,0,60000,60000,-90,-90,1,2000,100,1,2000,100,1,2000,100,1,2000,100
25,0,376,2800,0,60000,60000,-90,-90,1,2000,100,1,2000,100,1,2000,100,1,2000,100
26,0,375,2800,0,60000,60000,-90,-90,1,2000,100,1,2000,100,1,2000,100,1,2000,100
27,0,374,2800,0,60000,60000,-90,-90,1,2000,100,1,2000,100,1,2000,100,1,2000,100
28,0,373,2800,0,60000,60000,-90,-90,1,2000,100,1,2000,100,1,2000,100,1,2000,100
29,0,372,2800,0,60000,60000,-90,-90,1,2000,100,1,2000,100,1,2000,100,1,2000,100
30,0,371,2800,0,60000,60000,-90,-90,1,2000,100,1,2000,100,1,2000,100,1,2000,100
31,0,370,2800,0,60000,60000,-90,-90,1,2000,100,1,2000,100,1,2000,100,1,2000,100
32,0,369,2800,0,60000,60000,-90,-90,1,2000,100,1,2000,100,1,2000,100,1,2000,100
33,0,368,2800,0,60000,60000,-90,-90,1,2000,100,1,2000,100,1,2000,100,1,2000,100
34,0,367,2800,0,60000,60000,-90,-90,1,2000,100,1,2000,100,1,2000,100,1,2000,100
35,0,366,2800,0,60000,60000,-90,-90,1,2000,100,1,2000,100,1,2000,100,1,2000,100
36,0,365,2800,0,60000,60000,-90,-90,1,2000,100,1,2000,100,1,2000,100,1,2000,100
37,0,364,2800,0,60000,60000,-90,-90,1,2000,100,1,2000,100,1,2000,100,1,2000,100
38,0,363,2800,0,60000,60000,-90,-90,1,2000,100,1,2000,100,1,2000,100,1,2000,100
39,0,362,2800,0,60000,60000,-90,-90,1,2000,100,1,2000,100,1,2000,100,1,2000,100
40,0,361,2800,0,60000,60000,-90,-90,1,2000,100,1,2000,100,1,2000,100,1,2000,100
41,0,360,2800,0,60000,60000,-90,-90,1,2000,100,1,2000,100,1,2000,100,1,2000,100
42,0,359,2800,0,60000,60000,-90,-90,1,2000,100,1,2000,100,1,2000,100,1,2000,100
43,0,358,2800,0,60000,60000,-90,-90,1,2000,100,1,2000,100,1,2000,100,1,2000,100
44,0,357,2800,0,60000,60000,-90,-90,1,2000,100,1,2000,100,1,2000,100,1,2000,100
45,0,356,2800,0,60000,60000,-90,-90,1,2000,100,1,2000,100,1,2000,100,1,2000,100
46,0,355,2800,0,60000,60000,-90,-90,1,2000,100,1,2000,100,1,2000,100,1,2000,100
47,0,354,2800,0,60000,60000,-90,-90,1,2000,100,1,2000,100,1,2000,100,1,2000,100
48,0,353,2800,0,60000,60000,-90,-90,1,2000,100,1,2000,100,1,2000,100,1,2000,100
49,0,352,2800,0,60000,60000,-90,-90,1,2000,100,1,2000,100,1,2000,100,1,2000,100
50,0,351,2800,0,60000,60000,-90,-90,1,2000,100,1,2000,100,1,2000,100,1,2000,100
51,0,350,2800,0,60000,60000,-90,-90,1,2000,100,1,2000,100,1,2000,100,1,2000,100
52,0,349,2800,0,60000,60000,-90,-90,1,2000,100,1,2000,100,1,2000,100,1,2000,100
53,0,348,2800,0,60000,60000,-90,-90,1,2000,100,1,2000,100,1,2000,100,1,2000,100
54,0,347,2800,0,60000,60000,-90,-90,1,2000,100,1,2000,100,1,2000,100,1,2000,100
55,0,346,2800,0,60000,60000,-90,-90,1,2000,100,1,2000,100,1,2000,100,1,2000,100
56,0,345,2800,0,60000,60000,-90,-90,1,2000,100,1,2000,100,1,2000,100,1,2000,100
57,0,344,2800,0,60000,60000,-90,-90,1,2000,100,1,2000,100,1,2000,100,1,2000,100
58,0,343,2800,0,60000,60000,-90,-90,1,2000,100,1,2000,100,1,2000,100,1,2000,100
59,0,342,2800,0,60000,60000,-90,-90,1,2000,100,1,2000,100,1,2000,100,1,2000,100
60,0,341,2800,0,60000,60000,-90,-90,1,2000,100,1,2000,100,1,2000,100,1,2000,100
61,0,340,2800,0,60000,60000,-90,-90,1,2000,100,1,2000,100,1,2000,100,1,2000,100
62,0,339,2800,0,60000,60000,-90,-90,1,2000,100,1,2000,100,1,2000,100,1,2000,100
63,0,338,2800,0,60000,60000,-90,-90,1,2000,100,1,2000,100,1,2000,100,1,2000,100
64,0,337,2800,0,60000,60000,-90,-90,1,2000,100,1,2000,100,1,2000,100,1,2000,100
65,0,336,2800,0,60000,60000,-90,-90,1,2000,100,1,2000,100,1,2000,100,1,2000,100
66,0,335,2800,0,60000,60000,-90,-90,1,2000,100,1,2000,100,1,2000,100,1,2000,100
67,0,334,2800,0,60000,60000,-90,-90,1,2000,100,1,2000,100,1,2000,100,1,2000,100
68,0,333,2800,0,60000,60000,-90,-90,1,2000,100,1,2000,100,1,2000,100,1,2000,100
69,0,332,2800,0,60000,60000,-90,-90,1,2000,100,1,2000,100,1,2000,100,1,2000,100
70,0,331,2800,0,60000,60000,-90,-90,1,2000,100,1,2000,100,1,2000,100,1,2000,100
71,0,330,2800,0,60000,60000,-90,-90,1,2000,100,1,2000,100,1,2000,100,1,2000,100
72,0,329,2800,0,60000,60000,-90,-90,1,2000,100,1,2000,100,1,2000,100,1,2000,100
73,0,328,2800,0,60000,60000,-90,-90,1,2000,100,1,2000,100,1,2000,100,1,2000,100
74,0,327,2800,0,60000,60000,-90,-90,1,2000,100,1,2000,100,1,2000,100,1,2000,100
75,0,326,2800,0,60000,60000,-90,-90,1,2000,100,1,2000,100,1,2000,100,1,2000,100
76,0,325,2800,0,60000,60000,-90,-90,1,2000,100,1,2000,100,1,2000,100,1,2000,100
77,0,324,2800,0,60000,60000,-90,-90,1,2000,100,1,2000,100,1,2000,100,1,2000,100
78,0,323,2800,0,60000,60000,-90,-90,1,2000,100,1,2000,100,1,2000,100,1,2000,100
79,0,322,2800,0,60000,60000,-90,-90,1,2000,100,1,2000,100,1,2000,100,1,2000,100
80,0,321,2800,0,60000,60000,-90,-90,1,2000,100,1,2000,100,1,2000,100,1,2000,100
81,0,320,2800,0,60000,60000,-90,-90,1,2000,100,1,2000,100,1,2000,100,1,2000,100
82,0,319,2800,0,60000,60000,-90,-90,1,2000,100,1,2000,100,1,2000,100,1,2000,100
83,0,318,2800,0,60000,60000,-90,-90,1,2000,100,1,2000,100,1,2000,100,1,2000,100
84,0,317,2800,0,60000,60000,-90,-90,1,2000,100,1,2000,100,1,2000,100,1,2000,100
85,0,316,2800,0,60000,60000,-90,-90,1,2000,100,1,2000,100,1,2000,100,1,2000,100
86,0,315,2800,0,60000,60000,-90,-90,1,2000,100,1,2000,100,1,2000,100,1,2000,100
87,0,314,2800,0,60000,60000,-90,-90,1,2000,100,1,2000,100,1,2000,100,1,2000,100
88,0,313,2800,0,60000,60000,-90,-90,1,2000,100,1,2000,100,1,2000,100,1,2000,100
89,0,312,2800,0,60000,60000,-90,-90,1,2000,100,1,2000,100,1,2000,100,1,2000,100
90,0,311,2800,0,60000,60000,-90,-90,1,2000,100,1,2000,100,1,2000,100,1,2000,100
91,0,310,2800,0,60000,60000,-90,-90,1,2000,100,1,2000,100,1,2000,100,1,2000,100
92,0,309,2800,0,60000,60000,-90,-90,1,2000,100,1,2000,100,1,2000,100,1,2000,100
93,0,308,2800,0,60000,60000,-90,-90,1,2000,100,1,2000,100,1,2000,100,1,2000,100
94,0,307,2800,0,60000,60000,-90,-90,1,2000,100,1,2000,100,1,2000,100,1,2000,100
95,0,306,2800,0,60000,60000,-90,-90,1,2000,100,1,2000,100,1,2000,100,1,2000,100
96,0,305,2800,0,60000,60000,-90,-90,1,2000,100,1,2000,100,1,2000,100,1,2000,100
97,0,304,2800,0,60000,60000,-90,-90,1,2000,100,1,2000,100,1,2000,100,1,2000,100
98,0,303,2800,0,60000,60000,-90,-90,1,2000,100,1,2000,100,1,2000,100,1,2000,100
99,0,302,2800,0,60000,60000,-90,-90,1,2000,100,1,2000,100,1,2000,100,1,2000,100
100,0,301,2800,0,60000,60000,-90,-90,1,2000,100,1,2000,100,1,2000,100,1,2000,100
101,0,300,2800,0,60000,60000,-90,-90,1,2000,100,1,2000,100,1,2000,100,1,2000,100
102,0,299,2800,0,60000,60000,-90,-90,1,2000,100,1,2000,100,1,2000,100,1,2000,100
103,0,298,2800,0,60000,60000,-90,-90,1,2000,100,1,2000,100,1,2000,100,1,2000,100
104,0,297,2800,0,60000,60000,-90,-90,1,2000,100,1,2000,100,1,2000,100,1,2000,100
105,0,296,2800,0,60000,60000,-90,-90,1,2000,100,1,2000,100,1,2000,100,1,2000,100
106,0,295,2800,0,60000,60000,-90,-90,1,2000,100,1,2000,100,1,2000,100,1,2000,100
107,0,294,2800,0,60000,60000,-90,-90,1,2000,100,1,2000,100,1,2000,100,1,2000,100
108,0,293,2800,0,60000,60000,-90,-90,1,2000,100,1,2000,100,1,2000,100,1,2000,100
109,0,292,2800,0,60000,60000,-90,-90,1,2000,100,1,2000,100,1,2000,100,1,2000,100
110,0,291,2800,0,60000,60000,-90,-90,1,2000,100,1,2000,100,1,2000,100,1,2000,100
111,0,290,2800,0,60000,60000,-90,-90,1,2000,100,1,2000,100,1,2000,100,1,2000,100
112,0,289,2800,0,60000,60000,-90,-90,1,2000,100,1,2000,100,1,2000,100,1,2000,100
113,0,288,2800,0,60000,60000,-90,-90,1,2000,100,1,2000,100,1,2000,100,1,2000,100
114,0,287,2800,0,60000,60000,-90,-90,1,2000,100,1,2000,100,1,2000,100,1,2000,100
115,0,286,2800,0,60000,60000,-90,-90,1,2000,100,1,2000,100,1,2000,100,1,2000,100
116,0,285,2800,0,60000,60000,-90,-90,1,2000,100,1,2000,100,1,2000,100,1,2000,100
117,0,284,2800,0,60000,60000,-90,-90,1,2000,100,1,2000,100,1,2000,100,1,2000,100
118,0,283,2800,0,60000,60000,-90,-90,1,2000,100,1,2000,100,1,2000,100,1,2000,100
119,0,282,2800,0,60000,60000,-90,-90,1,2000,100,1,2000,100,1,2000,100,1,2000,100
120,0,281,2800,0,60000,60000,-90,-90,1,2000,100,1,2000,100,1,2000,100,1,2000,100
121,0,280,2800,0,60000,60000,-90,-90,1,2000,100,1,2000,100,1,2000,100,1,2000,100
122,0,279,2800,0,60000,60000,-90,-90,1,2000,100,1,2000,100,1,2000,100,1,2000,100
123,0,278,2800,0,60000,60000,-90,-90,1,2000,100,1,2000,100,1,2000,100,1,2000,100
124,0,277,2800,0,60000,60000,-90,-90,1,2000,100,1,2000,100,1,2000,100,1,2000,100
125,0,276,2800,0,60000,60000,-90,-90,1,2000,100,1,2000,100,1,2000,100,1,2000,100
126,0,275,2800,0,60000,60000,-90,-90,1,2000,100,1,2000,100,1,2000,100,1,2000,100
127,0,274,2800,0,60000,60000,-90,-90,1,2000,100,1,2000,100,1,2000,100,1,2000,100
128,0,273,2800,0,60000,60000,-90,-90,1,2000,100,1,2000,100,1,2000,100,1,2000,100
129,0,272,2800,0,60000,60000,-90,-90,1,2000,100,1,2000,100,1,2000,100,1,2000,100
130,0,271,2800,0,60000,60000,-90,-90,1,2000,100,1,2000,100,1,2000,100,1,2000,100
131,0,270,2800,0,60000,60000,-90,-90,1,2000,100,1,2000,100,1,2000,100,1,2000,100
132,0,269,2800,0,60000,60000,-90,-90,1,2000,100,1,2000,100,1,2000,100,1,2000,100
133,0,268,2800,0,60000,60000,-90,-90,1,2000,100,1,2000,100,1,2000,100,1,2000,100
134,0,267,2800,0,60000,60000,-90,-90,1,2000,100,1,2000,100,1,2000,100,1,2000,100
135,0,266,2800,0,60000,60000,-90,-90,1,2000,100,1,2000,100,1,2000,100,1,2000,100
136,0,265,2800,0,60000,60000,-90,-90,1,2000,100,1,2000,100,1,2000,100,1,2000,100
137,0,264,2800,0,60000,60000,-90,-90,1,2000,100,1,2000,100,1,2000,100,1,2000,100
138,0,263,2800,0,60000,60000,-90,-90,1,2000,100,1,2000,100,1,2000,100,1,2000,100
139,0,262,2800,0,60000,60000,-90,-90,1,2000,100,1,2000,100,1,2000,100,1,2000,100
140,0,261,2800,0,60000,60000,-90,-90,1,2000,100,1,2000,100,1,2000,100,1,2000,100
141,0,260,2800,0,60000,60000,-90,-90,1,2000,100,1,2000,100,1,2000,100,1,2000,100
142,0,259,2800,0,60000,60000,-90,-90,1,2000,100,1,2000,100,1,2000,100,1,2000,100
143,0,258,2800,0,60000,60000,-90,-90,1,2000,100,1,2000,100,1,2000,100,1,2000,100
144,0,257,2800,0,60000,60000,-90,-90,1,2000,100,1,2000,100,1,2000,100,1,2000,100
145,0,256,2800,0,60000,60000,-90,-90,1,2000,100,1,2000,100,1,2000,100,1,2000,100
146,0,255,2800,0,60000,60000,-90,-90,1,2000,100,1,2000,100,1,2000,100,1,2000,100
147,0,254,2800,0,60000,60000,-90,-90,1,2000,100,1,2000,100,1,2000,100,1,2000,100
148,0,253,2800,0,60000,60000,-90,-90,1,2000,100,1,2000,100,1,2000,100,1,2000,100
149,0,252,2800,0,60000,60000,-90,-90,1,2000,100,1,2000,100,1,2000,100,1,2000,100
150,0,251,2800,0,60000,60000,-90,-90,1,2000,100,1,2000,100,1,2000,100,1,2000,100
151,0,250,2800,0,60000,60000,-90,-90,1,2000,100,1,2000,100,1,2000,100,1,2000,100
152,0,249,2800,0,60000,60000,-90,-90,1,2000,100,1,2000,100,1,2000,100,1,2000,100
153,0,248,2800,0,60000,60000,-90,-90,1,2000,100,1,2000,100,1,2000,100,1,2000,100
154,0,247,2800,0,60000,60000,-90,-90,1,2000,100,1,2000,100,1,2000,100,1,2000,100
155,0,246,2800,0,60000,60000,-90,-90,1,2000,100,1,2000,100,1,2000,100,1,2000,100
156,0,245,2800,0,60000,60000,-90,-90,1,2000,100,1,2000,100,1,2000,100,1,2000,100
157,0,244,2800,0,60000,60000,-90,-90,1,2000,100,1,2000,100,1,2000,100,1,2000,100
158,0,243,2800,0,60000,60000,-90,-90,1,2000,100,1,2000,100,1,2000,100,1,2000,100
159,0,242,2800,0,60000,60000,-90,-90,1,2000,100,1,2000,100,1,2000,100,1,2000,100
160,0,241,2800,0,60000,60000,-90,-90,1,2000,100,1,2000,100,1,2000,100,1,2000,100
161,0,240,2800,0,60000,60000,-90,-90,1,2000,100,1,2000,100,1,2000,100,1,2000,100
162,0,239,2800,0,60000,60000,-90,-90,1,2000,100,1,2000,100,1,2000,100,1,2000,100
163,0,238,2800,0,60000,60000,-90,-90,1,2000,100,1,2000,100,1,2000,100,1,2000,100
164,0,237,2800,0,60000,60000,-90,-90,1,2000,100,1,2000,100,1,2000,100,1,2000,100
165,0,236,2800,0,60000,60000,-90,-90,1,2000,100,1,2000,100,1,2000,100,1,2000,100
166,0,235,2800,0,60000,60000,-90,-90,1,2000,100,1,2000,100,1,2000,100,1,2000,100
167,0,234,2800,0,60000,60000,-90,-90,1,2000,100,1,2000,100,1,2000,100,1,2000,100
168,0,233,2800,0,60000,60000,-90,-90,1,2000,100,1,2000,100,1,2000,100,1,2000,100
169,0,232,2800,0,60000,60000,-90,-90,1,2000,100,1,2000,100,1,2000,100,1,2000,100
170,0,231,2800,0,60000,60000,-90,-90,1,2000,100,1,2000,100,1,2000,100,1,2000,100
171,0,230,2800,0,60000,60000,-90,-90,1,2000,100,1,2000,100,1,2000,100,1,2000,100
172,0,229,2800,0,60000,60000,-90,-90,1,2000,100,1,2000,100,1,2000,100,1,2000,100
173,0,228,2800,0,60000,60000,-90,-90,1,2000,100,1,2000,100,1,2000,100,1,2000,100
174,0,227,2800,0,60000,60000,-90,-90,1,2000,100,1,2000,100,1,2000,100,1,2000,100
175,0,226,2800,0,60000,60000,-90,-90,1,2000,100,1,2000,100,1,2000,100,1,2000,100
176,0,225,2800,0,60000,60000,-90,-90,1,2000,100,1,2000,100,1,2000,100,1,2000,100
177,0,224,2800,0,60000,60000,-90,-90,1,2000,100,1,2000,100,1,2000,100,1,2000,100
178,0,223,2800,0,60000,60000,-90,-90,1,2000,100,1,2000,100,1,2000,100,1,2000,100
179,0,222,2800,0,60000,60000,-90,-90,1,2000,100,1,2000,100,1,2000,100,1,2000,100
180,0,221,2800,0,60000,60000,-90,-90,1,2000,100,1,2000,100,1,2000,100,1,2000,100
181,0,220,2800,0,60000,60000,-90,-90,1,2000,100,1,2000,100,1,2000,100,1,2000,100
182,0,219,2800,0,60000,60000,-90,-90,1,2000,100,1,2000,100,1,2000,100,1,2000,100
183,0,218,2800,0,60000,60000,-90,-90,1,2000,100,1,2000,100,1,2000,100,1,2000,100
184,0,217,2800,0,60000,60000,-90,-90,1,2000,100,1,2000,100,1,2000,100,1,2000,100
185,0,216,2800,0,60000,60000,-90,-90,1,2000,100,1,2000,100,1,2000,100,1,2000,100
186,0,215,2800,0,60000,60000,-90,-90,1,2000,100,1,2000,100,1,2000,100,1,2000,100
187,0,214,2800,0,60000,60000,-90,-90,1,2000,100,1,2000,100,1,2000,100,1,2000,100
188,0,213,2800,0,60000,60000,-90,-90,1,2000,100,1,2000,100,1,2000,100,1,2000,100
189,0,212,2800,0,60000,60000,-90,-90,1,2000,100,1,2000,100,1,2000,100,1,2000,100
190,0,211,2800,0,60000,60000,-90,-90,1,2000,100,1,2000,100,1,2000,100,1,2000,100
191,0,210,2800,0,60000,60000,-90,-90,1,2000,100,1,2000,100,1,2000,100,1,2000,100
192,0,209,2800,0,60000,60000,-90,-90,1,2000,100,1,2000,100,1,2000,100,1,2000,100
193,0,208,2800,0,60000,60000,-90,-90,1,2000,100,1,2000,100,1,2000,100,1,2000,100
194,0,207,2800,0,60000,60000,-90,-90,1,2000,100,1,2000,100,1,2000,100,1,2000,100
195,0,206,2800,0,60000,60000,-90,-90,1,2000,100,1,2000,100,1,2000,100,1,2000,100
196,0,205,2800,0,60000,60000,-90,-90,1,2000,100,1,2000,100,1,2000,100,1,2000,100
197,0,204,2800,0,60000,60000,-90,-90,1,2000,100,1,2000,100,1,2000,100,1,2000,100
198,0,203,2800,0,60000,60000,-90,-90,1,2000,100,1,2000,100,1,2000,100,1,2000,100
199,0,202,2800,0,60000,60000,-90,-90,1,2000,100,1,2000,100,1,2000,100,1,2000,100
200,0,201,2800,0,60000,60000,-90,-90,1,2000,100,1,2000,100,1,2000,100,1,2000,100
201,0,200,2800,0,60000,60000,-90,-90,1,2000,100,1,2000,100,1,2000,100,1,2000,100
202,0,199,2800,0,60000,60000,-90,-90,1,2000,100,1,2000,100,1,2000,100,1,2000,100
203,0,198,2800,0,60000,60000,-90,-90,1,2000,100,1,2000,100,1,2000,100,1,2000,100
204,0,197,2800,0,60000,60000,-90,-90,1,2000,100,1,2000,100,1,2000,100,1,2000,100
205,0,196,2800,0,60000,60000,-90,-90,1,2000,100,1,2000,100,1,2000,100,1,2000,100
206,0,195,2800,0,60000,60000,-90,-90,1,2000,100,1,2000,100,1,2000,100,1,2000,100
207,0,194,2800,0,60000,60000,-90,-90,1,2000,100,1,2000,100,1,2000,100,1,2000,100
208,0,193,2800,0,60000,60000,-90,-90,1,2000,100,1,2000,100,1,2000,100,1,2000,100
209,0,192,2800,0,60000,60000,-90,-90,1,2000,100,1,2000,100,1,2000,100,1,2000,100
210,0,191,2800,0,60000,60000,-90,-90,1,2000,100,1,2000,100,1,2000,100,1,2000,100
211,0,190,2800,0,60000,60000,-90,-90,1,2000,100,1,2000,100,1,2000,100,1,2000,100
212,0,189,2800,0,60000,60000,-90,-90,1,2000,100,1,2000,100,1,2000,100,1,2000,100
213,0,188,2800,0,60000,60000,-90,-90,1,2000,100,1,2000,100,1,2000,100,1,2000,100
214,0,187,2800,0,60000,60000,-90,-90,1,2000,100,1,2000,100,1,2000,100,1,2000,100
215,0,186,2800,0,60000,60000,-90,-90,1,2000,100,1,2000,100,1,2000,100,1,2000,100
216,0,185,2800,0,60000,60000,-90,-90,1,2000,100,1,2000,100,1,2000,100,1,2000,100
217,0,184,2800,0,60000,60000,-90,-90,1,2000,100,1,2000,100,1,2000,100,1,2000,100
218,0,183,2800,0,60000,60000,-90,-90,1,2000,100,1,2000,100,1,2000,100,1,2000,100
219,0,182,2800,0,60000,60000,-90,-90,1,2000,100,1,2000,100,1,2000,100,1,2000,100
220,0,181,2800,0,60000,60000,-90,-90,1,2000,100,1,2000,100,1,2000,100,1,2000,100
221,0,180,2800,0,60000,60000,-90,-90,1,2000,100,1,2000,100,1,2000,100,1,2000,100
222,0,179,2800,0,60000,60000,-90,-90,1,2000,100,1,2000,100,1,2000,100,1,2000,100
223,0,178,2800,0,60000,60000,-90,-90,1,2000,100,1,2000,100,1,2000,100,1,2000,100
224,0,177,2800,0,60000,60000,-90,-90,1,2000,100,1,2000,100,1,2000,100,1,2000,100
225,0,176,2800,0,60000,60000,-90,-90,1,2000,100,1,2000,100,1,2000,100,1,2000,100
226,0,175,2800,0,60000,60000,-90,-90,1,2000,100,1,2000,100,1,2000,100,1,2000,100
227,0,174,2800,0,60000,60000,-90,-90,1,2000,100,1,2000,100,1,2000,100,1,2000,100
228,0,173,2800,0,60000,60000,-90,-90,1,2000,100,1,2000,100,1,2000,100,1,2000,100
229,0,172,2720,0,60000,60000,-90,-90,1,2000,100,1,2000,100,1,2000,100,1,2000,100
230,0,171,2720,0,60000,60000,-90,-90,1,2000,100,1,2000,100,1,2000,100,1,2000,100
231,0,170,2720,0,60000,60000,-90,-90,1,2000,100,1,2000,100,1,2000,100,1,2000,100
232,0,169,2720,0,60000,60000,-90,-90,1,2000,100,1,2000,100,1,2000,100,1,2000,100
233,0,168,2720,0,60000,60000,-90,-90,1,2000,100,1,2000,100,1,2000,100,1,2000,100
234,0,167,2640,0,60000,60000,-90,-90,1,2000,100,1,2000,100,1,2000,100,1,2000,100
235,0,166,2640,0,60000,60000,-90,-90,1,2000,100,1,2000,100,1,2000,100,1,2000,100
236,0,165,2640,0,60000,60000,-90,-90,1,2000,100,1,2000,100,1,2000,100,1,2000,100
237,0,164,2640,0,60000,60000,-90,-90,1,2000,100,1,2000,100,1,2000,100,1,2000,100
238,0,163,2640,0,60000,60000,-90,-90,1,2000,100,1,2000,100,1,2000,100,1,2000,100
239,0,162,2560,0,60000,60000,-90,-90,1,2000,100,1,2000,100,1,2000,100,1,2000,100
240,0,161,2560,0,60000,60000,-90,-90,1,2000,100,1,2000,100,1,2000,100,1,2000,100
241,0,160,2560,0,60000,60000,-90,-90,1,2000,100,1,2000,100,1,2000,100,1,2000,100
242,0,159,2560,0,60000,60000,-90,-90,1,2000,100,1,2000,100,1,2000,100,1,2000,100
243,0,158,2560,0,60000,60000,-90,-90,1,2000,100,1,2000,100,1,2000,100,1,2000,100
244,0,157,2480,0,60000,60000,-90,-90,1,2000,100,1,2000,100,1,2000,100,1,2000,100
245,0,156,2480,0,60000,60000,-90,-90,1,2000,100,1,2000,100,1,2000,100,1,2000,100
246,0,155,2480,0,60000,60000,-90,-90,1,2000,100,1,2000,100,1,2000,100,1,2000,100
247,0,154,2480,0,60000,60000,-90,-90,1,2000,100,1,2000,100,1,2000,100,1,2000,100
248,0,153,2480,0,60000,60000,-90,-90,1,2000,100,1,2000,100,1,2000,100,1,2000,100
249,0,152,2400,0,60000,60000,-90,-90,1,2000,100,1,2000,100,1,2000,100,1,2000,100
250,0,151,2400,0,60000,60000,-90,-90,1,2000,100,1,2000,100,1,2000,100,1,2000,100
251,0,150,2400,0,60000,60000,-90,-90,1,2000,100,1,2000,100,1,2000,100,1,2000,100
252,0,149,2400,0,60000,60000,-90,-90,1,2000,100,1,2000,100,1,2000,100,1,2000,100
253,0,148,2400,0,60000,60000,-90,-90,1,2000,100,1,2000,100,1,2000,100,1,2000,100
254,0,147,2320,0,60000,60000,-90,-90,1,2000,100,1,2000,100,1,2000,100,1,2000,100
255,0,146,2320,0,60000,60000,-90,-90,1,2000,100,1,2000,100,1,2000,100,1,2000,100
256,0,145,2320,0,60000,60000,-90,-90,1,2000,100,1,2000,100,1,2000,100,1,2000,100
257,0,144,2320,0,60000,60000,-90,-90,1,2000,100,1,2000,100,1,2000,100,1,2000,100
258,0,143,2320,0,60000,60000,-90,-90,1,2000,100,1,2000,100,1,2000,100,1,2000,100
259,0,142,2240,0,60000,60000,-90,-90,1,2000,100,1,2000,100,1,2000,100,1,2000,100
260,0,141,2240,0,60000,60000,-90,-90,1,2000,100,1,2000,100,1,2000,100,1,2000,100
261,0,140,2240,0,60000,60000,-90,-90,1,2000,100,1,2000,100,1,2000,100,1,2000,100
262,0,139,2240,0,60000,60000,-90,-90,1,2000,100,1,2000,100,1,2000,100,1,2000,100
263,0,138,2240,0,60000,60000,-90,-90,1,2000,100,1,2000,100,1,2000,100,1,2000,100
264,0,137,2160,0,60000,60000,-90,-90,1,2000,100,1,2000,100,1,2000,100,1,2000,100
265,0,136,2160,0,60000,60000,-90,-90,1,2000,100,1,2000,100,1,2000,100,1,2000,100
266,0,135,2160,0,60000,60000,-90,-90,1,2000,100,1,2000,100,1,2000,100,1,2000,100
267,0,134,2160,0,60000,60000,-90,-90,1,2000,100,1,2000,100,1,2000,100,1,2000,100
268,0,133,2160,0,60000,60000,-90,-90,1,2000,100,1,2000,100,1,2000,100,1,2000,100
269,0,132,2080,0,60000,60000,-90,-90,1,2000,100,1,2000,100,1,2000,100,1,2000,100
270,0,131,2080,0,60000,60000,-90,-90,1,2000,100,1,2000,100,1,2000,100,1,2000,100
271,0,130,2080,0,60000,60000,-90,-90,1,2000,100,1,2000,100,1,2000,100,1,2000,100
272,0,129,2080,0,60000,60000,-90,-90,1,2000,100,1,2000,100,1,2000,100,1,2000,100
273,0,128,2080,0,60000,60000,-90,-90,1,2000,100,1,2000,100,1,2000,100,1,2000,100
274,0,127,2000,0,60000,60000,-90,-90,1,2000,100,1,2000,100,1,2000,100,1,2000,100
275,0,126,2000,0,60000,60000,-90,-90,1,2000,100,1,2000,100,1,2000,100,1,2000,100
276,0,125,2000,0,60000,60000,-90,-90,1,2000,100,1,2000,100,1,2000,100,1,2000,100
277,0,124,2000,0,60000,60000,-90,-90,1,2000,100,1,2000,100,1,2000,100,1,2000,100
278,0,123,2000,0,60000,60000,-90,-90,1,2000,100,1,2000,100,1,2000,100,1,2000,100
279,0,122,1920,0,60000,60000,-90,-90,1,2000,100,1,2000,100,1,2000,100,1,2000,100
280,0,121,1920,0,60000,60000,-90,-90,1,2000,100,1,2000,100,1,2000,100,1,2000,100
281,0,120,1920,0,60000,60000,-90,-90,1,2000,100,1,2000,100,1,2000,100,1,2000,100
282,0,119,1920,0,60000,60000,-90,-90,1,2000,100,1,2000,100,1,2000,100,1,2000,100
283,0,118,1920,0,60000,60000,-90,-90,1,2000,100,1,2000,100,1,2000,100,1,2000,100
284,0,117,1840,0,60000,60000,-90,-90,1,2000,100,1,2000,100,1,2000,100,1,2000,100
285,0,116,1840,0,60000,60000,-90,-90,1,2000,100,1,2000,100,1,2000,100,1,2000,100
286,0,115,1840,0,60000,60000,-90,-90,1,2000,100,1,2000,100,1,2000,100,1,2000,100
287,0,114,1840,0,60000,60000,-90,-90,1,2000,100,1,2000,100,1,2000,100,1,2000,100
288,0,113,1840,0,60000,60000,-90,-90,1,2000,100,1,2000,100,1,2000,100,1,2000,100
289,0,112,1760,0,60000,60000,-90,-90,1,2000,100,1,2000,100,1,2000,100,1,2000,100
290,0,111,1760,0,60000,60000,-90,-90,1,2000,100,1,2000,100,1,2000,100,1,2000,100
291,0,110,1760,0,60000,60000,-90,-90,1,2000,100,1,2000,100,1,2000,100,1,2000,100
292,0,109,1760,0,60000,60000,-90,-90,1,2000,100,1,2000,100,1,2000,100,1,2000,100
293,0,108,1760,0,60000,60000,-90,-90,1,2000,100,1,2000,100,1,2000,100,1,2000,100
294,0,107,1680,0,60000,60000,-90,-90,1,2000,100,1,2000,100,1,2000,100,1,2000,100
295,0,106,1680,0,60000,60000,-90,-90,1,2000,100,1,2000,100,1,2000,100,1,2000,100
296,0,105,1680,0,60000,60000,-90,-90,1,2000,100,1,2000,100,1,2000,100,1,2000,100
297,0,104,1680,0,60000,60000,-90,-90,1,2000,100,1,2000,100,1,2000,100,1,2000,100
298,0,103,1680,0,60000,60000,-90,-90,1,2000,100,1,2000,100,1,2000,100,1,2000,100
299,0,102,1600,0,60000,60000,-90,-90,1,2000,100,1,2000,100,1,2000,100,1,2000,100
300,0,101,1600,0,60000,60000,-90,-90,1,2000,100,1,2000,100,1,2000,100,1,2000,100
301,0,100,1600,0,60000,60000,-90,-90,1,2000,100,1,2000,100,1,2000,100,1,2000,100
302,0,99,1600,0,60000,60000,-90,-90,1,2000,100,1,2000,100,1,2000,100,1,2000,100
303,0,98,1600,0,60000,60000,-90,-90,1,2000,100,1,2000,100,1,2000,100,1,2000,100
304,0,97,1520,0,60000,60000,-90,-90,1,2000,100,1,2000,100,1,2000,100,1,2000,100
305,0,96,1520,0,60000,60000,-90,-90,1,2000,100,1,2000,100,1,2000,100,1,2000,100
306,0,95,1520,0,60000,60000,-90,-90,1,2000,100,1,2000,100,1,2000,100,1,2000,100
307,0,94,1520,0,60000,60000,-90,-90,1,2000,100,1,2000,100,1,2000,100,1,2000,100
308,0,93,1520,0,60000,60000,-90,-90,1,2000,100,1,2000,100,1,2000,100,1,2000,100
309,0,92,1440,0,60000,60000,-90,-90,1,2000,100,1,2000,100,1,2000,100,1,2000,100
310,0,91,1440,0,60000,60000,-90,-90,1,2000,100,1,2000,100,1,2000,100,1,2000,100
311,0,90,1440,0,60000,60000,-90,-90,1,2000,100,1,2000,100,1,2000,100,1,2000,100
312,0,89,1440,0,60000,60000,-90,-90,1,2000,100,1,2000,100,1,2000,100,1,2000,100
313,0,88,1440,0,60000,60000,-90,-90,1,2000,100,1,2000,100,1,2000,100,1,2000,100
314,0,87,1360,0,60000,60000,-90,-90,1,2000,100,1,2000,100,1,2000,100,1,2000,100
315,0,86,1360,0,60000,60000,-90,-90,1,2000,100,1,2000,100,1,2000,100,1,2000,100
316,0,85,1360,0,60000,60000,-90,-90,1,2000,100,1,2000,100,1,2000,100,1,2000,100
317,0,84,1360,0,60000,60000,-90,-90,1,2000,100,1,2000,100,1,2000,100,1,2000,100
318,0,83,1360,0,60000,60000,-90,-90,1,2000,100,1,2000,100,1,2000,100,1,2000,100
319,0,82,1280,0,60000,60000,-90,-90,1,2000,100,1,2000,100,1,2000,100,1,2000,100
320,0,81,1280,0,60000,60000,-90,-90,1,2000,100,1,2000,100,1,2000,100,1,2000,100
321,0,80,1280,0,60000,60000,-90,-90,1,2000,100,1,2000,100,1,2000,100,1,2000,100
322,0,79,1280,0,60000,60000,-90,-90,1,2000,100,1,2000,100,1,2000,100,1,2000,100
323,0,78,1280,0,60000,60000,-90,-90,1,2000,100,1,2000,100,1,2000,100,1,2000,100
324,0,77,1200,0,60000,60000,-90,-90,1,2000,100,1,2000,100,1,2000,100,1,2000,100
325,0,76,1200,0,60000,60000,-90,-90,1,2000,100,1,2000,100,1,2000,100,1,2000,100
326,0,75,1200,0,60000,60000,-90,-90,1,2000,100,1,2000,100,1,2000,100,1,2000,100
327,0,74,1200,0,60000,60000,-90,-90,1,2000,100,1,2000,100,1,2000,100,1,2000,100
328,0,73,1200,0,60000,60000,-90,-90,1,2000,100,1,2000,100,1,2000,100,1,2000,100
329,0,72,1120,0,60000,60000,-90,-90,1,2000,100,1,2000,100,1,2000,100,1,2000,100
330,0,71,1120,0,60000,60000,-90,-90,1,2000,100,1,2000,100,1,2000,100,1,2000,100
331,0,70,1120,0,60000,60000,-90,-90,1,2000,100,1,2000,100,1,2000,100,1,2000,100
332,0,69,1120,0,60000,60000,-90,-90,1,2000,100,1,2000,100,1,2000,100,1,2000,100
333,0,68,1120,0,60000,60000,-90,-90,1,2000,100,1,2000,100,1,2000,100,1,2000,100
334,0,67,1040,0,60000,60000,-90,-90,1,2000,100,1,2000,100,1,2000,100,1,2000,100
335,0,66,1040,0,60000,60000,-90,-90,1,2000,100,1,2000,100,1,2000,100,1,2000,100
336,0,65,1040,0,60000,60000,-90,-90,1,2000,100,1,2000,100,1,2000,100,1,2000,100
337,0,64,1040,0,60000,60000,-90,-90,1,2000,100,1,2000,100,1,2000,100,1,2000,100
338,0,63,1040,0,60000,60000,-90,-90,1,2000,100,1,2000,100,1,2000,100,1,2000,100
339,0,62,960,0,60000,60000,-90,-90,1,2000,100,1,2000,100,1,2000,100,1,2000,100
340,0,61,960,0,60000,60000,-90,-90,1,2000,100,1,2000,100,1,2000,100,1,2000,100
341,0,60,960,0,60000,60000,-90,-90,1,2000,100,1,2000,100,1,2000,100,1,2000,100
342,0,59,960,0,60000,60000,-90,-90,1,2000,100,1,2000,100,1,2000,100,1,2000,100
343,0,58,960,0,60000,60000,-90,-90,1,2000,100,1,2000,100,1,2000,100,1,2000,100
344,0,57,880,0,60000,60000,-90,-90,1,2000,100,1,2000,100,1,2000,100,1,2000,100
345,0,56,880,0,60000,60000,-90,-90,1,2000,100,1,2000,100,1,2000,100,1,2000,100
346,0,55,880,0,60000,60000,-90,-90,1,2000,100,1,2000,100,1,2000,100,1,2000,100
347,0,54,880,0,60000,60000,-90,-90,1,2000,100,1,2000,100,1,2000,100,1,2000,100
348,0,53,880,0,60000,60000,-90,-90,1,2000,100,1,2000,100,1,2000,100,1,2000,100
349,0,52,800,0,60000,60000,-90,-90,1,2000,100,1,2000,100,1,2000,100,1,2000,100
350,0,51,800,0,60000,60000,-90,-90,1,2000,100,1,2000,100,1,2000,100,1,2000,100
351,0,50,800,0,60000,60000,-90,-90,1,2000,100,1,2000,100,1,2000,100,1,2000,100
352,0,49,800,0,60000,60000,-90,-90,1,2000,100,1,2000,100,1,2000,100,1,2000,100
353,0,48,800,0,60000,60000,-90,-90,1,2000,100,1,2000,100,1,2000,100,1,2000,100
354,0,47,720,0,60000,60000,-90,-90,1,2000,100,1,2000,100,1,2000,100,1,2000,100
355,0,46,720,0,60000,60000,-90,-90,1,2000,100,1,2000,100,1,2000,100,1,2000,100
356,0,45,720,0,60000,60000,-90,-90,1,2000,100,1,2000,100,1,2000,100,1,2000,100
357,0,44,720,0,60000,60000,-90,-90,1,2000,100,1,2000,100,1,2000,100,1,2000,100
358,0,43,720,0,60000,60000,-90,-90,1,2000,100,1,2000,100,1,2000,100,1,2000,100
359,0,42,640,0,60000,60000,-90,-90,1,2000,100,1,2000,100,1,2000,100,1,2000,100
360,0,41,640,0,60000,60000,-90,-90,1,2000,100,1,2000,100,1,2000,100,1,2000,100
361,0,40,640,0,60000,60000,-90,-90,1,2000,100,1,2000,100,1,2000,100,1,2000,100
362,0,39,640,0,60000,60000,-90,-90,1,2000,100,1,2000,100,1,2000,100,1,2000,100
363,0,38,640,0,60000,60000,-90,-90,1,2000,100,1,2000,100,1,2000,100,1,2000,100
364,0,37,560,0,60000,60000,-90,-90,1,2000,100,1,2000,100,1,2000,100,1,2000,100
365,0,36,560,0,60000,60000,-90,-90,1,2000,100,1,2000,100,1,2000,100,1,2000,100
366,0,35,560,0,60000,60000,-90,-90,1,2000,100,1,2000,100,1,2000,100,1,2000,100
367,0,34,560,0,60000,60000,-90,-90,1,2000,100,1,2000,100,1,2000,100,1,2000,100
368,0,33,560,0,60000,60000,-90,-90,1,2000,100,1,2000,100,1,2000,100,1,2000,100
369,0,32,480,0,60000,60000,-90,-90,1,2000,100,1,2000,100,1,2000,100,1,2000,100
370,0,31,480,0,60000,60000,-90,-90,1,2000,100,1,2000,100,1,2000,100,1,2000,100
371,0,30,480,0,60000,60000,-90,-90,1,2000,100,1,2000,100,1,2000,100,1,2000,100
372,0,29,480,0,60000,60000,-90,-90,1,2000,100,1,2000,100,1,2000,100,1,2000,100
373,0,28,480,0,60000,60000,-90,-90,1,2000,100,1,2000,100,1,2000,100,1,2000,100
374,0,27,400,0,60000,60000,-90,-90,1,2000,100,1,2000,100,1,2000,100,1,2000,100
375,0,26,400,0,60000,60000,-90,-90,1,2000,100,1,2000,100,1,2000,100,1,2000,100
376,0,25,400,0,60000,60000,-90,-90,1,2000,100,1,2000,100,1,2000,100,1,2000,100
377,0,24,400,0,60000,60000,-90,-90,1,2000,100,1,2000,100,1,2000,100,1,2000,100
378,0,23,400,0,60000,60000,-90,-90,1,2000,100,1,2000,100,1,2000,100,1,2000,100
379,0,22,320,0,60000,60000,-90,-90,1,2000,100,1,2000,100,1,2000,100,1,2000,100
380,0,21,320,0,60000,60000,-90,-90,1,2000,100,1,2000,100,1,2000,100,1,2000,100
381,0,20,320,0,60000,60000,-90,-90,1,2000,100,1,2000,100,1,2000,100,1,2000,100
382,0,19,320,0,60000,60000,-90,-90,1,2000,100,1,2000,100,1,2000,100,1,2000,100
383,0,18,320,0,60000,60000,-90,-90,1,2000,100,1,2000,100,1,2000,100,1,2000,100
384,0,17,240,0,60000,60000,-90,-90,1,2000,100,1,2000,100,1,2000,100,1,2000,100
385,0,16,240,0,60000,60000,-90,-90,1,2000,100,1,2000,100,1,2000,100,1,2000,100
386,0,15,240,0,60000,60000,-90,-90,1,2000,100,1,2000,100,1,2000,100,1,2000,100
387,0,14,240,0,60000,60000,-90,-90,1,2000,100,1,2000,100,1,2000,100,1,2000,100
388,0,13,240,0,60000,60000,-90,-90,1,2000,100,1,2000,100,1,2000,100,1,2000,100
389,0,12,160,0,60000,60000,-90,-90,1,2000,100,1,2000,100,1,2000,100,1,2000,100
390,0,11,160,0,60000,60000,-90,-90,1,2000,100,1,2000,100,1,2000,100,1,2000,100
391,0,10,160,0,60000,60000,-90,-90,1,2000,100,1,2000,100,1,2000,100,1,2000,100
392,0,9,160,0,60000,60000,-90,-90,1,2000,100,1,2000,100,1,2000,100,1,2000,100
393,0,8,160,0,60000,60000,-90,-90,1,2000,100,1,2000,100,1,2000,100,1,2000,100
394,0,7,80,0,60000,60000,-90,-90,1,2000,100,1,2000,100,1,2000,100,1,2000,100
395,0,6,80,0,60000,60000,-80,-80,1,2000,100,1,2000,100,1,2000,100,1,2000,100
396,0,5,80,0,60000,60000,-70,-70,1,2000,100,1,2000,100,1,2000,100,1,2000,100
397,0,4,80,0,60000,60000,-20,-20,1,2000,100,1,2000,100,1,2000,100,1,2000,100
398,0,3,80,0,60000,60000,0,0,1,2000,100,1,2000,100,1,2000,100,1,2000,100
399,0,2,0,0,60000,60000,0,0,1,2000,100,1,2000,100,1,2000,100,1,2000,100
400,0,1,0,0,60000,60000,0,0,1,2000,100,1,2000,100,1,2000,100,1,2000,100
401,0,0,0,0,60000,60000,0,0,1,2000,100,1,2000,100,1,2000,100,1,2000,100
402,0,-1,0,0,60000,60000,20,20,1,459,18,1,791,18,1,791,18,1,791,18
403,0,-2,0,0,60000,60000,20,20,1,408,18,1,703,18,1,703,18,1,703,18
404,0,-3,0,0,60000,60000,20,20,1,356,18,1,613,18,1,613,18,1,613,18
405,0,-4,0,0,60000,60000,20,20,1,333,18,1,574,18,1,574,18,1,574,18
406,0,-5,0,0,60000,60000,20,20,1,306,18,1,527,18,1,527,18,1,527,18
407,0,-6,0,0,60000,60000,30,30,1,289,18,1,498,18,1,498,18,1,498,18
408,0,-7,0,0,60000,60000,30,30,1,275,18,1,474,18,1,474,18,1,474,18
409,0,-8,0,0,60000,60000,30,30,1,270,18,1,465,18,1,465,18,1,465,18
410,0,-9,0,0,60000,60000,30,30,1,253,18,1,436,18,1,436,18,1,436,18
411,0,-10,0,0,60000,60000,30,30,1,244,18,1,420,18,1,420,18,1,420,18
412,0,-11,0,0,60000,60000,30,30,1,234,18,1,403,18,1,403,18,1,403,18
413,0,-12,0,0,60000,60000,30,30,1,225,18,1,387,18,1,387,18,1,387,18
414,0,-13,0,0,60000,60000,30,30,1,214,18,1,368,18,1,368,18,1,368,18
415,0,-14,0,0,60000,60000,30,30,1,208,18,1,358,18,1,358,18,1,358,18
416,0,-15,0,0,60000,60000,30,30,1,203,18,1,350,18,1,350,18,1,350,18
417,0,-16,0,0,60000,60000,30,30,1,192,18,1,331,18,1,331,18,1,331,18
418,0,-17,0,0,60000,60000,30,30,1,183,18,1,315,18,1,315,18,1,315,18
419,0,-18,0,0,60000,60000,30,30,1,174,18,1,300,18,1,300,18,1,300,18
420,0,-19,0,0,60000,60000,30,30,1,163,18,1,281,18,1,281,18,1,281,18
421,0,-20,0,0,60000,60000,30,30,1,153,18,1,263,18,1,263,18,1,263,18
422,0,-21,0,0,60000,60000,30,30,1,147,18,1,253,18,1,253,18,1,253,18
423,0,-22,0,0,60000,60000,30,30,1,142,18,1,244,18,1,244,18,1,244,18
424,0,-23,0,0,60000,60000,30,30,1,136,18,1,234,18,1,234,18,1,234,18
425,0,-24,0,0,60000,60000,30,30,1,133,18,1,229,18,1,229,18,1,229,18
426,0,-25,0,0,60000,60000,30,30,1,127,18,1,218,18,1,218,18,1,218,18
427,0,-26,0,0,60000,60000,30,30,1,111,18,1,191,18,1,191,18,1,191,18
428,0,-27,0,0,60000,60000,30,30,1,111,18,1,191,18,1,191,18,1,191,18
429,0,-28,0,0,60000,60000,30,30,1,111,18,1,191,18,1,191,18,1,191,18
430,0,-29,0,0,60000,60000,30,30,1,111,18,1,191,18,1,191,18,1,191,18
431,0,-30,0,0,60000,60000,30,30,1,111,18,1,191,18,1,191,18,1,191,18
432,0,-31,0,0,60000,60000,30,30,1,111,18,1,191,18,1,191,18,1,191,18
433,0,-32,0,0,60000,60000,30,30,1,111,18,1,191,18,1,191,18,1,191,18
434,0,-33,0,0,60000,60000,30,30,1,111,18,1,191,18,1,191,18,1,191,18
435,0,-34,0,0,60000,60000,30,30,1,111,18,1,191,18,1,191,18,1,191,18
436,0,-35,0,0,60000,60000,30,30,1,111,18,1,191,18,1,191,18,1,191,18
437,0,-36,0,0,60000,60000,30,30,1,111,18,1,191,18,1,191,18,1,191,18
438,0,-37,0,0,60000,60000,30,30,1,111,18,1,191,18,1,191,18,1,191,18
439,0,-38,0,0,60000,60000,30,30,1,111,18,1,191,18,1,191,18,1,191,18
440,0,-39,0,0,60000,60000,30,30,1,111,18,1,191,18,1,191,18,1,191,18
441,0,-40,0,0,60000,60000,30,30,1,111,18,1,191,18,1,191,18,1,191,18
442,0,-41,0,0,60000,60000,30,30,1,111,18,1,191,18,1,191,18,1,191,18
443,0,-42,0,0,60000,60000,30,30,1,111,18,1,191,18,1,191,18,1,191,18
444,0,-43,0,0,60000,60000,30,30,1,111,18,1,191,18,1,191,18,1,191,18
445,0,-44,0,0,60000,60000,30,30,1,111,18,1,191,18,1,191,18,1,191,18
446,0,-45,0,0,60000,60000,30,30,1,111,18,1,191,18,1,191,18,1,191,18
447,0,-46,0,0,60000,60000,30,30,1,111,18,1,191,18,1,191,18,1,191,18
448,0,-47,0,0,60000,60000,30,30,1,111,18,1,191,18,1,191,18,1,191,18
449,0,-48,0,0,60000,60000,30,30,1,111,18,1,191,18,1,191,18,1,191,18
450,0,-49,0,0,60000,60000,30,30,1,111,18,1,191,18,1,191,18,1,191,18
451,0,-50,0,0,60000,60000,30,30,1,111,18,1,191,18,1,191,18,1,191,18
452,0,-51,0,0,60000,60000,30,30,1,111,18,1,191,18,1,191,18,1,191,18
453,0,-52,0,0,60000,60000,30,30,1,111,18,1,191,18,1,191,18,1,191,18
454,0,-53,0,0,60000,60000,30,30,1,111,18,1,191,18,1,191,18,1,191,18
455,0,-54,0,0,60000,60000,30,30,1,111,18,1,191,18,1,191,18,1,191,18
456,0,-55,0,0,60000,60000,30,30,1,111,18,1,191,18,1,191,18,1,191,18
457,0,-56,0,0,60000,60000,30,30,1,111,18,1,191,18,1,191,18,1,191,18
458,0,-57,0,0,60000,60000,30,30,1,111,18,1,191,18,1,191,18,1,191,18
459,0,-58,0,0,60000,60000,30,30,1,111,18,1,191,18,1,191,18,1,191,18
460,0,-59,0,0,60000,60000,30,30,1,111,18,1,191,18,1,191,18,1,191,18
461,0,-60,0,0,60000,60000,30,30,1,111,18,1,191,18,1,191,18,1,191,18
462,0,-61,0,0,60000,60000,30,30,1,111,18,1,191,18,1,191,18,1,191,18
463,0,-62,0,0,60000,60000,30,30,1,111,18,1,191,18,1,191,18,1,191,18
464,0,-63,0,0,60000,60000,30,30,1,111,18,1,191,18,1,191,18,1,191,18
465,0,-64,0,0,60000,60000,30,30,1,111,18,1,191,18,1,191,18,1,191,18
466,0,-65,0,0,60000,60000,30,30,1,111,18,1,191,18,1,191,18,1,191,18
467,0,-66,0,0,60000,60000,30,30,1,111,18,1,191,18,1,191,18,1,191,18
468,0,-67,0,0,60000,60000,30,30,1,111,18,1,191,18,1,191,18,1,191,18
469,0,-68,0,0,60000,60000,30,30,1,111,18,1,191,18,1,191,18,1,191,18
470,0,-69,0,0,60000,60000,30,30,1,111,18,1,191,18,1,191,18,1,191,18
471,0,-70,0,0,60000,60000,30,30,1,111,18,1,191,18,1,191,18,1,191,18
472,0,-71,0,0,60000,60000,30,30,1,111,18,1,191,18,1,191,18,1,191,18
473,0,-72,0,0,60000,60000,30,30,1,111,18,1,191,18,1,191,18,1,191,18
474,0,-73,0,0,60000,60000,30,30,1,111,18,1,191,18,1,191,18,1,191,18
475,0,-74,0,0,60000,60000,30,30,1,111,18,1,191,18,1,191,18,1,191,18
476,0,-75,0,0,60000,60000,30,30,1,111,18,1,191,18,1,191,18,1,191,18
477,0,-76,0,0,60000,60000,30,30,1,111,18,1,191,18,1,191,18,1,191,18
478,0,-77,0,0,60000,60000,30,30,1,111,18,1,191,18,1,191,18,1,191,18
479,0,-78,0,0,60000,60000,30,30,1,111,18,1,191,18,1,191,18,1,191,18
480,0,-79,0,0,60000,60000,30,30,1,111,18,1,191,18,1,191,18,1,191,18
481,0,-80,0,0,60000,60000,30,30,1,111,18,1,191,18,1,191,18,1,191,18
482,0,-81,0,0,60000,60000,30,30,1,111,18,1,191,18,1,191,18,1,191,18
483,0,-82,0,0,60000,60000,30,30,1,111,18,1,191,18,1,191,18,1,191,18
484,0,-83,0,0,60000,60000,30,30,1,111,18,1,191,18,1,191,18,1,191,18
485,0,-84,0,0,60000,60000,30,30,1,111,18,1,191,18,1,191,18,1,191,18
486,0,-85,0,0,60000,60000,30,30,1,111,18,1,191,18,1,191,18,1,191,18
487,0,-86,0,0,60000,60000,30,30,1,111,18,1,191,18,1,191,18,1,191,18
488,0,-87,0,0,60000,60000,30,30,1,111,18,1,191,18,1,191,18,1,191,18
489,0,-88,0,0,60000,60000,30,30,1,111,18,1,191,18,1,191,18,1,191,18
490,0,-89,0,0,60000,60000,30,30,1,111,18,1,191,18,1,191,18,1,191,18
491,0,-90,0,0,60000,60000,30,30,1,111,18,1,191,18,1,191,18,1,191,18
492,0,-91,0,0,60000,60000,30,30,1,111,18,1,191,18,1,191,18,1,191,18
493,0,-92,0,0,60000,60000,30,30,1,111,18,1,191,18,1,191,18,1,191,18
494,0,-93,0,0,60000,60000,30,30,1,111,18,1,191,18,1,191,18,1,191,18
495,0,-94,0,0,60000,60000,30,30,1,111,18,1,191,18,1,191,18,1,191,18
496,0,-95,0,0,60000,60000,30,30,1,111,18,1,191,18,1,191,18,1,191,18
497,0,-96,0,0,60000,60000,30,30,1,111,18,1,191,18,1,191,18,1,191,18
498,0,-97,0,0,60000,60000,30,30,1,111,18,1,191,18,1,191,18,1,191,18
499,0,-98,0,0,60000,60000,30,30,1,111,18,1,191,18,1,191,18,1,191,18
500,0,-99,0,0,60000,60000,30,30,1,111,18,1,191,18,1,191,18,1,191,18
501,0,-100,0,0,60000,60000,30,30,1,111,18,1,191,18,1,191,18,1,191,18
502,0,-101,0,0,60000,60000,30,30,1,111,18,1,191,18,1,191,18,1,191,18
503,0,-102,0,0,60000,60000,30,30,1,111,18,1,191,18,1,191,18,1,191,18
504,0,-103,0,0,60000,60000,30,30,1,111,18,1,191,18,1,191,18,1,191,18
505,0,-104,0,0,60000,60000,30,30,1,111,18,1,191,18,1,191,18,1,191,18
506,0,-105,0,0,60000,60000,30,30,1,111,18,1,191,18,1,191,18,1,191,18
507,0,-106,0,0,60000,60000,30,30,1,111,18,1,191,18,1,191,18,1,191,18
508,0,-107,0,0,60000,60000,30,30,1,111,18,1,191,18,1,191,18,1,191,18
509,0,-108,0,0,60000,60000,30,30,1,111,18,1,191,18,1,191,18,1,191,18
510,0,-109,0,0,60000,60000,30,30,1,111,18,1,191,18,1,191,18,1,191,18
511,0,-110,0,0,60000,60000,30,30,1,111,18,1,191,18,1,191,18,1,191,18
512,0,-111,0,0,60000,60000,30,30,1,111,18,1,191,18,1,191,18,1,191,18
513,0,-112,0,0,60000,60000,30,30,1,111,18,1,191,18,1,191,18,1,191,18
514,0,-113,0,0,60000,60000,30,30,1,111,18,1,191,18,1,191,18,1,191,18
515,0,-114,0,0,60000,60000,30,30,1,111,18,1,191,18,1,191,18,1,191,18
516,0,-115,0,0,60000,60000,30,30,1,111,18,1,191,18,1,191,18,1,191,18
517,0,-116,0,0,60000,60000,30,30,1,111,18,1,191,18,1,191,18,1,191,18
518,0,-117,0,0,60000,60000,30,30,1,111,18,1,191,18,1,191,18,1,191,18
519,0,-118,0,0,60000,60000,30,30,1,111,18,1,191,18,1,191,18,1,191,18
520,0,-119,0,0,60000,60000,30,30,1,111,18,1,191,18,1,191,18,1,191,18
521,0,-120,0,0,60000,60000,30,30,1,111,18,1,191,18,1,191,18,1,191,18
522,0,-121,0,0,60000,60000,30,30,1,111,18,1,191,18,1,191,18,1,191,18
523,0,-122,0,0,60000,60000,30,30,1,111,18,1,191,18,1,191,18,1,191,18
524,0,-123,0,0,60000,60000,30,30,1,111,18,1,191,18,1,191,18,1,191,18
525,0,-124,0,0,60000,60000,30,30,1,111,18,1,191,18,1,191,18,1,191,18
526,0,-125,0,0,60000,60000,30,30,1,111,18,1,191,18,1,191,18,1,191,18
527,0,-126,0,0,60000,60000,30,30,1,111,18,1,191,18,1,191,18,1,191,18
528,0,-127,0,0,60000,60000,30,30,1,111,18,1,191,18,1,191,18,1,191,18
529,0,-128,0,0,60000,60000,30,30,1,111,18,1,191,18,1,191,18,1,191,18
530,0,-129,0,0,60000,60000,30,30,1,111,18,1,191,18,1,191,18,1,191,18
531,0,-130,0,0,60000,60000,30,30,1,111,18,1,191,18,1,191,18,1,191,18
532,0,-131,0,0,60000,60000,30,30,1,111,18,1,191,18,1,191,18,1,191,18
533,0,-132,0,0,60000,60000,30,30,1,111,18,1,191,18,1,191,18,1,191,18
534,0,-133,0,0,60000,60000,30,30,1,111,18,1,191,18,1,191,18,1,191,18
535,0,-134,0,0,60000,60000,30,30,1,111,18,1,191,18,1,191,18,1,191,18
536,0,-135,0,0,60000,60000,30,30,1,111,18,1,191,18,1,191,18,1,191,18
537,0,-136,0,0,60000,60000,30,30,1,111,18,1,191,18,1,191,18,1,191,18
538,0,-137,0,0,60000,60000,30,30,1,111,18,1,191,18,1,191,18,1,191,18
539,0,-138,0,0,60000,60000,30,30,1,111,18,1,191,18,1,191,18,1,191,18
540,0,-139,0,0,60000,60000,30,30,1,111,18,1,191,18,1,191,18,1,191,18
541,0,-140,0,0,60000,60000,30,30,1,111,18,1,191,18,1,191,18,1,191,18
542,0,-141,0,0,60000,60000,30,30,1,111,18,1,191,18,1,191,18,1,191,18
543,0,-142,0,0,60000,60000,30,30,1,111,18,1,191,18,1,191,18,1,191,18
544,0,-143,0,0,60000,60000,30,30,1,111,18,1,191,18,1,191,18,1,191,18
545,0,-144,0,0,60000,60000,30,30,1,111,18,1,191,18,1,191,18,1,191,18
546,0,-145,0,0,60000,60000,30,30,1,111,18,1,191,18,1,191,18,1,191,18
547,0,-146,0,0,60000,60000,30,30,1,111,18,1,191,18,1,191,18,1,191,18
548,0,-147,0,0,60000,60000,30,30,1,111,18,1,191,18,1,191,18,1,191,18
549,0,-148,0,0,60000,60000,30,30,1,111,18,1,191,18,1,191,18,1,191,18
550,0,-149,0,0,60000,60000,30,30,1,111,18,1,191,18,1,191,18,1,191,18
551,0,-150,0,0,60000,60000,30,30,1,111,18,1,191,18,1,191,18,1,191,18
552,0,-151,0,0,60000,60000,30,30,1,111,18,1,191,18,1,191,18,1,191,18
553,0,-152,0,0,60000,60000,30,30,1,111,18,1,191,18,1,191,18,1,191,18
554,0,-153,0,0,60000,60000,30,30,1,111,18,1,191,18,1,191,18,1,191,18
555,0,-154,0,0,60000,60000,30,30,1,111,18,1,191,18,1,191,18,1,191,18
556,0,-155,0,0,60000,60000,30,30,1,111,18,1,191,18,1,191,18,1,191,18
557,0,-156,0,0,60000,60000,30,30,1,111,18,1,191,18,1,191,18,1,191,18
558,0,-157,0,0,60000,60000,30,30,1,111,18,1,191,18,1,191,18,1,191,18
559,0,-158,0,0,60000,60000,30,30,1,111,18,1,191,18,1,191,18,1,191,18
560,0,-159,0,0,60000,60000,30,30,1,111,18,1,191,18,1,191,18,1,191,18
561,0,-160,0,0,60000,60000,30,30,1,111,18,1,191,18,1,191,18,1,191,18
562,0,-161,0,0,60000,60000,30,30,1,111,18,1,191,18,1,191,18,1,191,18
563,0,-162,0,0,60000,60000,30,30,1,111,18,1,191,18,1,191,18,1,191,18
564,0,-163,0,0,60000,60000,30,30,1,111,18,1,191,18,1,191,18,1,191,18
565,0,-164,0,0,60000,60000,30,30,1,111,18,1,191,18,1,191,18,1,191,18
566,0,-165,0,0,60000,60000,30,30,1,111,18,1,191,18,1,191,18,1,191,18
567,0,-166,0,0,60000,60000,30,30,1,111,18,1,191,18,1,191,18,1,191,18
568,0,-167,0,0,60000,60000,30,30,1,111,18,1,191,18,1,191,18,1,191,18
569,0,-168,0,0,60000,60000,30,30,1,111,18,1,191,18,1,191,18,1,191,18
570,0,-169,0,0,60000,60000,30,30,1,111,18,1,191,18,1,191,18,1,191,18
571,0,-170,0,0,60000,60000,30,30,1,111,18,1,191,18,1,191,18,1,191,18
572,0,-171,0,0,60000,60000,30,30,1,111,18,1,191,18,1,191,18,1,191,18
573,0,-172,0,0,60000,60000,30,30,1,111,18,1,191,18,1,191,18,1,191,18
574,0,-173,0,0,60000,60000,30,30,1,111,18,1,191,18,1,191,18,1,191,18
575,0,-174,0,0,60000,60000,30,30,1,111,18,1,191,18,1,191,18,1,191,18
576,0,-175,0,0,60000,60000,30,30,1,111,18,1,191,18,1,191,18,1,191,18
577,0,-176,0,0,60000,60000,30,30,1,111,18,1,191,18,1,191,18,1,191,18
578,0,-177,0,0,60000,60000,30,30,1,111,18,1,191,18,1,191,18,1,191,18
579,0,-178,0,0,60000,60000,30,30,1,111,18,1,191,18,1,191,18,1,191,18
580,0,-179,0,0,60000,60000,30,30,1,111,18,1,191,18,1,191,18,1,191,18
581,0,-180,0,0,60000,60000,30,30,1,111,18,1,191,18,1,191,18,1,191,18
582,0,-181,0,0,60000,60000,30,30,1,111,18,1,191,18,1,191,18,1,191,18
583,0,-182,0,0,60000,60000,30,30,1,111,18,1,191,18,1,191,18,1,191,18
584,0,-183,0,0,60000,60000,30,30,1,111,18,1,191,18,1,191,18,1,191,18
585,0,-184,0,0,60000,60000,30,30,1,111,18,1,191,18,1,191,18,1,191,18
586,0,-185,0,0,60000,60000,30,30,1,111,18,1,191,18,1,191,18,1,191,18
587,0,-186,0,0,60000,60000,30,30,1,111,18,1,191,18,1,191,18,1,191,18
588,0,-187,0,0,60000,60000,30,30,1,111,18,1,191,18,1,191,18,1,191,18
589,0,-188,0,0,60000,60000,30,30,1,111,18,1,191,18,1,191,18,1,191,18
590,0,-189,0,0,60000,60000,30,30,1,111,18,1,191,18,1,191,18,1,191,18
591,0,-190,0,0,60000,60000,30,30,1,111,18,1,191,18,1,191,18,1,191,18
592,0,-191,0,0,60000,60000,30,30,1,111,18,1,191,18,1,191,18,1,191,18
593,0,-192,0,0,60000,60000,30,30,1,111,18,1,191,18,1,191,18,1,191,18
594,0,-193,0,0,60000,60000,30,30,1,111,18,1,191,18,1,191,18,1,191,18
595,0,-194,0,0,60000,60000,30,30,1,111,18,1,191,18,1,191,18,1,191,18
596,0,-195,0,0,60000,60000,30,30,1,111,18,1,191,18,1,191,18,1,191,18
597,0,-196,0,0,60000,60000,30,30,1,111,18,1,191,18,1,191,18,1,191,18
598,0,-197,0,0,60000,60000,30,30,1,111,18,1,191,18,1,191,18,1,191,18
599,0,-198,0,0,60000,60000,30,30,1,111,18,1,191,18,1,191,18,1,191,18
600,0,-199,0,0,60000,60000,30,30,1,111,18,1,191,18,1,191,18,1,191,18
601,0,-200,0,0,60000,60000,30,30,1,111,18,1,191,18,1,191,18,1,191,18
602,0,-201,0,0,60000,60000,30,30,1,111,18,1,191,18,1,191,18,1,191,18
603,0,-202,0,0,60000,60000,30,30,1,111,18,1,191,18,1,191,18,1,191,18
604,0,-203,0,0,60000,60000,30,30,1,111,18,1,191,18,1,191,18,1,191,18
605,0,-204,0,0,60000,60000,30,30,1,111,18,1,191,18,1,191,18,1,191,18
606,0,-205,0,0,60000,60000,30,30,1,111,18,1,191,18,1,191,18,1,191,18
607,0,-206,0,0,60000,60000,30,30,1,111,18,1,191,18,1,191,18,1,191,18
608,0,-207,0,0,60000,60000,30,30,1,111,18,1,191,18,1,191,18,1,191,18
609,0,-208,0,0,60000,60000,30,30,1,111,18,1,191,18,1,191,18,1,191,18
610,0,-209,0,0,60000,60000,30,30,1,111,18,1,191,18,1,191,18,1,191,18
611,0,-210,0,0,60000,60000,30,30,1,111,18,1,191,18,1,191,18,1,191,18
612,0,-211,0,0,60000,60000,30,30,1,111,18,1,191,18,1,191,18,1,191,18
613,0,-212,0,0,60000,60000,30,30,1,111,18,1,191,18,1,191,18,1,191,18
614,0,-213,0,0,60000,60000,30,30,1,111,18,1,191,18,1,191,18,1,191,18
615,0,-214,0,0,60000,60000,30,30,1,111,18,1,191,18,1,191,18,1,191,18
616,0,-215,0,0,60000,60000,30,30,1,111,18,1,191,18,1,191,18,1,191,18
617,0,-216,0,0,60000,60000,30,30,1,111,18,1,191,18,1,191,18,1,191,18
618,0,-217,0,0,60000,60000,30,30,1,111,18,1,191,18,1,191,18,1,191,18
619,0,-218,0,0,60000,60000,30,30,1,111,18,1,191,18,1,191,18,1,191,18
620,0,-219,0,0,60000,60000,30,30,1,111,18,1,191,18,1,191,18,1,191,18
621,0,-220,0,0,60000,60000,30,30,1,111,18,1,191,18,1,191,18,1,191,18
622,0,-221,0,0,60000,60000,30,30,1,111,18,1,191,18,1,191,18,1,191,18
623,0,-222,0,0,60000,60000,30,30,1,111,18,1,191,18,1,191,18,1,191,18
624,0,-223,0,0,60000,60000,30,30,1,111,18,1,191,18,1,191,18,1,191,18
625,0,-224,0,0,60000,60000,30,30,1,111,18,1,191,18,1,191,18,1,191,18
626,0,-225,0,0,60000,60000,30,30,1,111,18,1,191,18,1,191,18,1,191,18
627,0,-226,0,0,60000,60000,30,30,1,111,18,1,191,18,1,191,18,1,191,18
628,0,-227,0,0,60000,60000,30,30,1,111,18,1,191,18,1,191,18,1,191,18
629,0,-228,0,0,60000,60000,30,30,1,111,18,1,191,18,1,191,18,1,191,18
630,0,-229,0,0,60000,60000,30,30,1,111,18,1,191,18,1,191,18,1,191,18
631,0,-230,0,0,60000,60000,30,30,1,111,18,1,191,18,1,191,18,1,191,18
632,0,-231,0,0,60000,60000,30,30,1,111,18,1,191,18,1,191,18,1,191,18
633,0,-232,0,0,60000,60000,30,30,1,111,18,1,191,18,1,191,18,1,191,18
634,0,-233,0,0,60000,60000,30,30,1,111,18,1,191,18,1,191,18,1,191,18
635,0,-234,0,0,60000,60000,30,30,1,111,18,1,191,18,1,191,18,1,191,18
636,0,-235,0,0,60000,60000,30,30,1,111,18,1,191,18,1,191,18,1,191,18
637,0,-236,0,0,60000,60000,30,30,1,111,18,1,191,18,1,191,18,1,191,18
638,0,-237,0,0,60000,60000,30,30,1,111,18,1,191,18,1,191,18,1,191,18
639,0,-238,0,0,60000,60000,30,30,1,111,18,1,191,18,1,191,18,1,191,18
640,0,-239,0,0,60000,60000,30,30,1,111,18,1,191,18,1,191,18,1,191,18
641,0,-240,0,0,60000,60000,30,30,1,111,18,1,191,18,1,191,18,1,191,18
642,0,-241,0,0,60000,60000,30,30,1,111,18,1,191,18,1,191,18,1,191,18
643,0,-242,0,0,60000,60000,30,30,1,111,18,1,191,18,1,191,18,1,191,18
644,0,-243,0,0,60000,60000,30,30,1,111,18,1,191,18,1,191,18,1,191,18
645,0,-244,0,0,60000,60000,30,30,1,111,18,1,191,18,1,191,18,1,191,18
646,0,-245,0,0,60000,60000,30,30,1,111,18,1,191,18,1,191,18,1,191,18
647,0,-246,0,0,60000,60000,30,30,1,111,18,1,191,18,1,191,18,1,191,18
648,0,-247,0,0,60000,60000,30,30,1,111,18,1,191,18,1,191,18,1,191,18
649,0,-248,0,0,60000,60000,30,30,1,111,18,1,191,18,1,191,18,1,191,18
650,0,-249,0,0,60000,60000,30,30,1,111,18,1,191,18,1,191,18,1,191,18
651,0,-250,0,0,60000,60000,30,30,1,111,18,1,191,18,1,191,18,1,191,18
652,0,-251,0,0,60000,60000,30,30,1,111,18,1,191,18,1,191,18,1,191,18
653,0,-252,0,0,60000,60000,30,30,1,111,18,1,191,18,1,191,18,1,191,18
654,0,-253,0,0,60000,60000,30,30,1,111,18,1,191,18,1,191,18,1,191,18
655,0,-254,0,0,60000,60000,30,30,1,111,18,1,191,18,1,191,18,1,191,18
656,0,-255,0,0,60000,60000,30,30,1,111,18,1,191,18,1,191,18,1,191,18
657,0,-256,0,0,60000,60000,30,30,1,111,18,1,191,18,1,191,18,1,191,18
658,0,-257,0,0,60000,60000,30,30,1,111,18,1,191,18,1,191,18,1,191,18
659,0,-258,0,0,60000,60000,30,30,1,111,18,1,191,18,1,191,18,1,191,18
660,0,-259,0,0,60000,60000,30,30,1,111,18,1,191,18,1,191,18,1,191,18
661,0,-260,0,0,60000,60000,30,30,1,111,18,1,191,18,1,191,18,1,191,18
662,0,-261,0,0,60000,60000,30,30,1,111,18,1,191,18,1,191,18,1,191,18
663,0,-262,0,0,60000,60000,30,30,1,111,18,1,191,18,1,191,18,1,191,18
664,0,-263,0,0,60000,60000,30,30,1,111,18,1,191,18,1,191,18,1,191,18
665,0,-264,0,0,60000,60000,30,30,1,111,18,1,191,18,1,191,18,1,191,18
666,0,-265,0,0,60000,60000,30,30,1,111,18,1,191,18,1,191,18,1,191,18
667,0,-266,0,0,60000,60000,30,30,1,111,18,1,191,18,1,191,18,1,191,18
668,0,-267,0,0,60000,60000,30,30,1,111,18,1,191,18,1,191,18,1,191,18
669,0,-268,0,0,60000,60000,30,30,1,111,18,1,191,18,1,191,18,1,191,18
670,0,-269,0,0,60000,60000,30,30,1,111,18,1,191,18,1,191,18,1,191,18
671,0,-270,0,0,60000,60000,30,30,1,111,18,1,191,18,1,191,18,1,191,18
672,0,-271,0,0,60000,60000,30,30,1,111,18,1,191,18,1,191,18,1,191,18
673,0,-272,0,0,60000,60000,30,30,1,111,18,1,191,18,1,191,18,1,191,18
674,0,-273,0,0,60000,60000,30,30,1,111,18,1,191,18,1,191,18,1,191,18
675,0,-274,0,0,60000,60000,30,30,1,111,18,1,191,18,1,191,18,1,191,18
676,0,-275,0,0,60000,60000,30,30,1,111,18,1,191,18,1,191,18,1,191,18
677,0,-276,0,0,60000,60000,30,30,1,111,18,1,191,18,1,191,18,1,191,18
678,0,-277,0,0,60000,60000,30,30,1,111,18,1,191,18,1,191,18,1,191,18
679,0,-278,0,0,60000,60000,30,30,1,111,18,1,191,18,1,191,18,1,191,18
680,0,-279,0,0,60000,60000,30,30,1,111,18,1,191,18,1,191,18,1,191,18
681,0,-280,0,0,60000,60000,30,30,1,111,18,1,191,18,1,191,18,1,191,18
682,0,-281,0,0,60000,60000,30,30,1,111,18,1,191,18,1,191,18,1,191,18
683,0,-282,0,0,60000,60000,30,30,1,111,18,1,191,18,1,191,18,1,191,18
684,0,-283,0,0,60000,60000,30,30,1,111,18,1,191,18,1,191,18,1,191,18
685,0,-284,0,0,60000,60000,30,30,1,111,18,1,191,18,1,191,18,1,191,18
686,0,-285,0,0,60000,60000,30,30,1,111,18,1,191,18,1,191,18,1,191,18
687,0,-286,0,0,60000,60000,30,30,1,111,18,1,191,18,1,191,18,1,191,18
688,0,-287,0,0,60000,60000,30,30,1,111,18,1,191,18,1,191,18,1,191,18
689,0,-288,0,0,60000,60000,30,30,1,111,18,1,191,18,1,191,18,1,191,18
690,0,-289,0,0,60000,60000,30,30,1,111,18,1,191,18,1,191,18,1,191,18
691,0,-290,0,0,60000,60000,30,30,1,111,18,1,191,18,1,191,18,1,191,18
692,0,-291,0,0,60000,60000,30,30,1,111,18,1,191,18,1,191,18,1,191,18
693,0,-292,0,0,60000,60000,30,30,1,111,18,1,191,18,1,191,18,1,191,18
694,0,-293,0,0,60000,60000,30,30,1,111,18,1,191,18,1,191,18,1,191,18
695,0,-294,0,0,60000,60000,30,30,1,111,18,1,191,18,1,191,18,1,191,18
696,0,-295,0,0,60000,60000,30,30,1,111,18,1,191,18,1,191,18,1,191,18
697,0,-296,0,0,60000,60000,30,30,1,111,18,1,191,18,1,191,18,1,191,18
698,0,-297,0,0,60000,60000,30,30,1,111,18,1,191,18,1,191,18,1,191,18
699,0,-298,0,0,60000,60000,30,30,1,111,18,1,191,18,1,191,18,1,191,18
700,0,-299,0,0,60000,60000,30,30,1,111,18,1,191,18,1,191,18,1,191,18
701,0,-300,0,0,60000,60000,30,30,1,111,18,1,191,18,1,191,18,1,191,18
702,0,-301,0,0,60000,60000,30,30,1,111,18,1,191,18,1,191,18,1,191,18
703,0,-302,0,0,60000,60000,30,30,1,111,18,1,191,18,1,191,18,1,191,18
704,0,-303,0,0,60000,60000,30,30,1,111,18,1,191,18,1,191,18,1,191,18
705,0,-304,0,0,60000,60000,30,30,1,111,18,1,191,18,1,191,18,1,191,18
706,0,-305,0,0,60000,60000,30,30,1,111,18,1,191,18,1,191,18,1,191,18
707,0,-306,0,0,60000,60000,30,30,1,111,18,1,191,18,1,191,18,1,191,18
708,0,-307,0,0,60000,60000,30,30,1,111,18,1,191,18,1,191,18,1,191,18
709,0,-308,0,0,60000,60000,30,30,1,111,18,1,191,18,1,191,18,1,191,18
710,0,-309,0,0,60000,60000,30,30,1,111,18,1,191,18,1,191,18,1,191,18
711,0,-310,0,0,60000,60000,30,30,1,111,18,1,191,18,1,191,18,1,191,18
712,0,-311,0,0,60000,60000,30,30,1,111,18,1,191,18,1,191,18,1,191,18
713,0,-312,0,0,60000,60000,30,30,1,111,18,1,191,18,1,191,18,1,191,18
714,0,-313,0,0,60000,60000,30,30,1,111,18,1,191,18,1,191,18,1,191,18
715,0,-314,0,0,60000,60000,30,30,1,111,18,1,191,18,1,191,18,1,191,18
716,0,-315,0,0,60000,60000,30,30,1,111,18,1,191,18,1,191,18,1,191,18
717,0,-316,0,0,60000,60000,30,30,1,111,18,1,191,18,1,191,18,1,191,18
718,0,-317,0,0,60000,60000,30,30,1,111,18,1,191,18,1,191,18,1,191,18
719,0,-318,0,0,60000,60000,30,30,1,111,18,1,191,18,1,191,18,1,191,18
720,0,-319,0,0,60000,60000,30,30,1,111,18,1,191,18,1,191,18,1,191,18
721,0,-320,0,0,60000,60000,30,30,1,111,18,1,191,18,1,191,18,1,191,18
722,0,-321,0,0,60000,60000,30,30,1,111,18,1,191,18,1,191,18,1,191,18
723,0,-322,0,0,60000,60000,30,30,1,111,18,1,191,18,1,191,18,1,191,18
724,0,-323,0,0,60000,60000,30,30,1,111,18,1,191,18,1,191,18,1,191,18
725,0,-324,0,0,60000,60000,30,30,1,111,18,1,191,18,1,191,18,1,191,18
726,0,-325,0,0,60000,60000,30,30,1,111,18,1,191,18,1,191,18,1,191,18
727,0,-326,0,0,60000,60000,30,30,1,111,18,1,191,18,1,191,18,1,191,18
728,0,-327,0,0,60000,60000,30,30,1,111,18,1,191,18,1,191,18,1,191,18
729,0,-328,0,0,60000,60000,30,30,1,111,18,1,191,18,1,191,18,1,191,18
730,0,-329,0,0,60000,60000,30,30,1,111,18,1,191,18,1,191,18,1,191,18
731,0,-330,0,0,60000,60000,30,30,1,111,18,1,191,18,1,191,18,1,191,18
732,0,-331,0,0,60000,60000,30,30,1,111,18,1,191,18,1,191,18,1,191,18
733,0,-332,0,0,60000,60000,30,30,1,111,18,1,191,18,1,191,18,1,191,18
734,0,-333,0,0,60000,60000,30,30,1,111,18,1,191,18,1,191,18,1,191,18
735,0,-334,0,0,60000,60000,30,30,1,111,18,1,191,18,1,191,18,1,191,18
736,0,-335,0,0,60000,60000,30,30,1,111,18,1,191,18,1,191,18,1,191,18
737,0,-336,0,0,60000,60000,30,30,1,111,18,1,191,18,1,191,18,1,191,18
738,0,-337,0,0,60000,60000,30,30,1,111,18,1,191,18,1,191,18,1,191,18
739,0,-338,0,0,60000,60000,30,30,1,111,18,1,191,18,1,191,18,1,191,18
740,0,-339,0,0,60000,60000,30,30,1,111,18,1,191,18,1,191,18,1,191,18
741,0,-340,0,0,60000,60000,30,30,1,111,18,1,191,18,1,191,18,1,191,18
742,0,-341,0,0,60000,60000,30,30,1,111,18,1,191,18,1,191,18,1,191,18
743,0,-342,0,0,60000,60000,30,30,1,111,18,1,191,18,1,191,18,1,191,18
744,0,-343,0,0,60000,60000,30,30,1,111,18,1,191,18,1,191,18,1,191,18
745,0,-344,0,0,60000,60000,30,30,1,111,18,1,191,18,1,191,18,1,191,18
746,0,-345,0,0,60000,60000,30,30,1,111,18,1,191,18,1,191,18,1,191,18
747,0,-346,0,0,60000,60000,30,30,1,111,18,1,191,18,1,191,18,1,191,18
748,0,-347,0,0,60000,60000,30,30,1,111,18,1,191,18,1,191,18,1,191,18
749,0,-348,0,0,60000,60000,30,30,1,111,18,1,191,18,1,191,18,1,191,18
750,0,-349,0,0,60000,60000,30,30,1,111,18,1,191,18,1,191,18,1,191,18
751,0,-350,0,0,60000,60000,30,30,1,111,18,1,191,18,1,191,18,1,191,18
752,0,-351,0,0,60000,60000,30,30,1,111,18,1,191,18,1,191,18,1,191,18
753,0,-352,0,0,60000,60000,30,30,1,111,18,1,191,18,1,191,18,1,191,18
754,0,-353,0,0,60000,60000,30,30,1,111,18,1,191,18,1,191,18,1,191,18
755,0,-354,0,0,60000,60000,30,30,1,111,18,1,191,18,1,191,18,1,191,18
756,0,-355,0,0,60000,60000,30,30,1,111,18,1,191,18,1,191,18,1,191,18
757,0,-356,0,0,60000,60000,30,30,1,111,18,1,191,18,1,191,18,1,191,18
758,0,-357,0,0,60000,60000,30,30,1,111,18,1,191,18,1,191,18,1,191,18
759,0,-358,0,0,60000,60000,30,30,1,111,18,1,191,18,1,191,18,1,191,18
760,0,-359,0,0,60000,60000,30,30,1,111,18,1,191,18,1,191,18,1,191,18
761,0,-360,0,0,60000,60000,30,30,1,111,18,1,191,18,1,191,18,1,191,18
762,0,-361,0,0,60000,60000,30,30,1,111,18,1,191,18,1,191,18,1,191,18
763,0,-362,0,0,60000,60000,30,30,1,111,18,1,191,18,1,191,18,1,191,18
764,0,-363,0,0,60000,60000,30,30,1,111,18,1,191,18,1,191,18,1,191,18
765,0,-364,0,0,60000,60000,30,30,1,111,18,1,191,18,1,191,18,1,191,18
766,0,-365,0,0,60000,60000,30,30,1,111,18,1,191,18,1,191,18,1,191,18
767,0,-366,0,0,60000,60000,30,30,1,111,18,1,191,18,1,191,18,1,191,18
768,0,-367,0,0,60000,60000,30,30,1,111,18,1,191,18,1,191,18,1,191,18
769,0,-368,0,0,60000,60000,30,30,1,111,18,1,191,18,1,191,18,1,191,18
770,0,-369,0,0,60000,60000,30,30,1,111,18,1,191,18,1,191,18,1,191,18
771,0,-370,0,0,60000,60000,30,30,1,111,18,1,191,18,1,191,18,1,191,18
772,0,-371,0,0,60000,60000,30,30,1,111,18,1,191,18,1,191,18,1,191,18
773,0,-372,0,0,60000,60000,30,30,1,111,18,1,191,18,1,191,18,1,191,18
774,0,-373,0,0,60000,60000,30,30,1,111,18,1,191,18,1,191,18,1,191,18
775,0,-374,0,0,60000,60000,30,30,1,111,18,1,191,18,1,191,18,1,191,18
776,0,-375,0,0,60000,60000,30,30,1,111,18,1,191,18,1,191,18,1,191,18
777,0,-376,0,0,60000,60000,30,30,1,111,18,1,191,18,1,191,18,1,191,18
778,0,-377,0,0,60000,60000,30,30,1,111,18,1,191,18,1,191,18,1,191,18
779,0,-378,0,0,60000,60000,30,30,1,111,18,1,191,18,1,191,18,1,191,18
780,0,-379,0,0,60000,60000,30,30,1,111,18,1,191,18,1,191,18,1,191,18
781,0,-380,0,0,60000,60000,30,30,1,111,18,1,191,18,1,191,18,1,191,18
782,0,-381,0,0,60000,60000,30,30,1,111,18,1,191,18,1,191,18,1,191,18
783,0,-382,0,0,60000,60000,30,30,1,111,18,1,191,18,1,191,18,1,191,18
784,0,-383,0,0,60000,60000,30,30,1,111,18,1,191,18,1,191,18,1,191,18
785,0,-384,0,0,60000,60000,30,30,1,111,18,1,191,18,1,191,18,1,191,18
786,0,-385,0,0,60000,60000,30,30,1,111,18,1,191,18,1,191,18,1,191,18
787,0,-386,0,0,60000,60000,30,30,1,111,18,1,191,18,1,191,18,1,191,18
788,0,-387,0,0,60000,60000,30,30,1,111,18,1,191,18,1,191,18,1,191,18
789,0,-388,0,0,60000,60000,30,30,1,111,18,1,191,18,1,191,18,1,191,18
790,0,-389,0,0,60000,60000,30,30,1,111,18,1,191,18,1,191,18,1,191,18
791,0,-390,0,0,60000,60000,30,30,1,111,18,1,191,18,1,191,18,1,191,18
792,0,-391,0,0,60000,60000,30,30,1,111,18,1,191,18,1,191,18,1,191,18
793,0,-392,0,0,60000,60000,30,30,1,111,18,1,191,18,1,191,18,1,191,18
794,0,-393,0,0,60000,60000,30,30,1,111,18,1,191,18,1,191,18,1,191,18
795,0,-394,0,0,60000,60000,30,30,1,111,18,1,191,18,1,191,18,1,191,18
796,0,-395,0,0,60000,60000,30,30,1,111,18,1,191,18,1,191,18,1,191,18
797,0,-396,0,0,60000,60000,30,30,1,111,18,1,191,18,1,191,18,1,191,18
798,0,-397,0,0,60000,60000,30,30,1,111,18,1,191,18,1,191,18,1,191,18
799,0,-398,0,0,60000,60000,30,30,1,111,18,1,191,18,1,191,18,1,191,18
800,0,-399,0,0,60000,60000,30,30,1,111,18,1,191,18,1,191,18,1,191,18
801,0,-400,0,0,60000,60000,30,30,1,111,18,1,191,18,1,191,18,1,191,18
