0 1 120 2 3
0 2 180 2 3
0 3 240 1 2
0 4 360 2 3
0 5 600 2 3
0 6 960 3 4
0 7 1200 3 4
0 8 2400 5 7
0 9 3600 7 9
0 10 8400 14 18
0 11 12000 18 23
0 12 14400 20 25
0 13 18000 23 29
0 14 21600 26 33
0 15 22646 25 32
0 16 32203 34 43
0 17 37433 37 47
0 18 47556 44 55
0 19 56609 50 63
0 20 68772 57 72
0 21 70515 56 70
0 22 75936 58 73
0 23 97733 59 74
0 24 114836 66 83
0 25 120853 67 84
0 26 123981 66 83
0 27 126720 65 82
0 28 145878 72 90
0 29 173436 83 104
0 30 197646 92 115
0 31 202451 91 114
0 32 212160 92 115
0 33 244190 103 129
0 34 285823 117 147
0 35 305986 121 152
0 36 312864 121 152
0 37 324480 122 153
0 38 366168 134 168
0 39 433959 155 194
0 40 460590 160 200
0 41 506738 172 215
0 42 569994 188 235
0 43 728527 235 294
0 44 850829 269 337
0 45 916479 283 354
0 46 935118 282 353
0 47 940800 278 348
0 48 1076593 312 390
0 49 1272780 361 452
0 50 1357994 302 378
0 51 1384861 302 378
0 52 1478400 316 395
0 53 1632438 342 428
0 54 1903104 392 490
0 55 2066042 417 522
0 56 2104924 418 523
0 57 1921085 374 468
0 58 2417202 463 579
0 59 2853462 537 600
0 60 3054574 566 600
0 61 3111217 567 600
0 62 3225600 578 600
0 63 3810962 672 600
0 64 4437896 770 600
0 65 4880605 834 600
0 66 4970962 837 600
0 67 5107200 847 600
0 68 5652518 924 600
0 69 6579162 1059 600
0 70 6877991 819 600
0 71 7100700 833 600
0 72 7157657 828 600
0 73 9106860 1040 600
0 74 10596398 1193 600
0 75 11220549 831 600
0 76 11409192 834 600
0 77 11424000 824 600
0 78 12882952 918 600
0 79 15172807 1067 600
0 80 15896990 1104 600
0 81 16163799 1109 600
0 82 16800000 1138 600
0 83 19230280 1287 600
0 84 22365208 1479 600
0 85 23819312 1557 600
0 86 24219528 1565 600
0 87 24864000 1588 600
0 88 27200077 1717 600
0 89 32033165 2000 600
0 90 33723801 2082 600
0 91 34291317 2093 600
0 92 34944000 1662 600
0 93 39463523 1877 600
0 94 45878567 2182 600
0 95 48924236 2326 600
0 96 49729220 2365 600
0 97 51072000 2429 600
0 98 55808379 2654 600
0 99 64870058 3085 600
0 100 68391931 3252 600
0 101 69537026 3307 600
0 102 76422968 3634 600
0 103 96950789 4610 600
0 104 112676755 5358 600
0 105 120090482 5710 600
0 106 121798280 5792 600
0 107 127680000 6071 600
0 108 137446887 6536 600
0 109 193715970 9211 600
0 110 408832150 9720 600
0 111 454674685 10810 600
0 112 461125885 10964 600
0 113 469189885 11155 600
0 114 477253885 11347 600
0 115 480479485 11424 600
0 116 485317885 11539 600
0 117 493381885 11730 600
0 118 580580046 13804 600
0 119 717424987 17057 600
0 120 282274058 6711 600
0 121 338728870 8054 600
0 122 406474644 9664 600
0 123 487769572 11597 600
0 124 585323487 13917 600
0 125 702388184 16700 600
0 126 842865821 20040 600
0 127 1011438985 24048 600
0 128 1073741823 25527 600
0 129 1073741823 25527 600
0 130 8589134588 102106 600
0 131 25767403764 153159 600
0 132 77302211292 229739 600
0 133 231906633876 344608 600
0 134 347859950814 516912 600
0 135 521789926221 775368 600
0 136 782684889332 1163052 600
0 137 1174027333998 1744578 600
0 138 1761041000997 2616867 600
0 139 2641561501496 3925301 600
0 140 0 0 0
1 1 300 0 0
1 2 900 0 0
1 3 1800 0 0
1 4 2700 0 0
1 5 3600 0 0
1 6 5100 0 0
1 7 6900 0 0
1 8 8700 0 0
1 9 0 0 0
2 1 300 0 0
2 2 900 0 0
2 3 1800 0 0
2 4 2700 0 0
2 5 3600 0 0
2 6 5100 0 0
2 7 6900 0 0
2 8 8700 0 0
2 9 0 0 0
3 1 600 0 0
3 2 1800 0 0
3 3 3600 0 0
3 4 5400 0 0
3 5 7200 0 0
3 6 10200 0 0
3 7 13800 0 0
3 8 17400 0 0
3 9 0 0 0
4 1 400 0 0
4 2 1200 0 0
4 3 2400 0 0
4 4 3600 0 0
4 5 4800 0 0
4 6 6800 0 0
4 7 9200 0 0
4 8 11600 0 0
4 9 0 0 0
5 1 100 0 0
5 2 200 0 0
5 3 300 0 0
5 4 400 0 0
5 5 500 0 0
5 6 1000 0 0
5 7 4000 0 0
5 8 9000 0 0
5 9 0 0 0
6 1 400 0 0
6 2 1200 0 0
6 3 2400 0 0
6 4 3600 0 0
6 5 4800 0 0
6 6 6800 0 0
6 7 9200 0 0
6 8 11600 0 0
6 9 0 0 0
9 1 400 0 0
9 2 1200 0 0
9 3 2400 0 0
9 4 3600 0 0
9 5 4800 0 0
9 6 6800 0 0
9 7 9200 0 0
9 8 11600 0 0
9 9 0 0 0
