1,1002,416,460,130,30,30,1,30
1,1002,428,459,100,30,30,1,30
2,1002,552,489,255,100,50,1,50
3,1002,418,682,200,100,300,1,300
4,1002,242,558,140,90,200,1,200
5,1002,98,325,90,175,250,1,250
6,1011,317,77,150,50,25,1,10
7,1011,328,227,200,300,25,1,15
7,1011,107,325,180,100,25,1,15
8,1011,538,272,110,250,25,1,15
9,1011,532,768,100,60,4,1,13
9,1011,673,638,100,70,4,1,15
10,1020,608,556,171,144,25,1,15
11,1020,412,230,198,211,25,1,15
12,1020,200,177,150,169,25,1,15
13,1020,232,460,224,142,25,1,15
15,1000,776,561,110,110,20,1,15
15,1000,504,333,170,140,20,1,15
16,1000,250,134,145,280,25,1,15
17,1000,122,269,108,150,25,1,15
18,1015,642,662,120,120,50,1,100
18,1015,704,647,100,120,75,1,100
19,1015,456,681,90,100,7,1,50
19,1015,263,103,96,42,3,1,50
20,1001,309,597,44,51,5,1,11
20,1001,257,549,40,63,5,1,11
20,1001,207,518,40,30,5,1,11
20,1001,317,514,25,26,5,1,11
20,1001,241,473,62,55,5,1,11
20,1001,362,605,36,30,5,1,11
55,1015,362,469,192,117,25,1,15
55,1015,335,329,96,70,25,1,15
56,1001,388,371,40,24,5,1,11
56,1001,220,347,38,24,5,1,11
56,1001,347,378,30,26,5,1,11
56,1001,253,304,70,53,5,1,11
56,1001,329,343,26,25,5,1,11
56,1001,320,425,90,64,5,1,11
57,1001,162,319,65,60,5,1,11
57,1001,52,323,35,25,5,1,11
57,1001,85,279,70,40,5,1,11
57,1001,101,353,40,63,5,1,11
57,1001,153,401,90,63,5,1,11
58,1001,232,175,37,24,5,1,11
58,1001,333,253,90,63,5,1,11
58,1001,342,171,46,60,5,1,11
58,1001,265,131,67,41,5,1,11
58,1001,276,196,45,72,5,1,11
64,1002,98,325,90,175,10,1,39
65,1011,317,77,150,50,5,1,39
66,1011,107,286,180,100,10,1,39
67,1011,538,272,110,250,17,1,39
68,1011,532,768,100,60,4,1,33
68,1011,673,638,100,70,4,1,39
69,1020,608,556,171,144,15,1,39
70,1020,412,230,198,211,25,1,39
71,1020,200,177,150,169,15,1,39
72,1020,232,460,224,142,19,1,39
73,1000,565,556,180,210,15,1,39
74,1000,776,561,110,110,7,1,39
74,1000,504,333,170,140,15,1,39
75,1000,250,134,145,280,25,1,39
76,1000,122,269,108,150,10,1,39
77,1015,812,548,44,174,5,1,39
77,1015,662,665,138,79,7,1,39
78,1015,451,676,93,117,7,1,18
78,1015,263,103,96,42,3,1,18
80,1001,309,597,44,51,3,1,39
80,1001,257,549,40,63,3,1,39
80,1001,207,518,40,30,2,1,39
80,1001,317,514,25,26,1,1,39
80,1001,241,473,62,55,3,1,39
80,1001,362,605,36,30,2,1,39
79,1015,362,469,192,117,13,1,39
79,1015,335,329,96,70,4,1,39
81,1001,388,371,40,24,2,1,39
81,1001,220,347,38,24,2,1,39
81,1001,347,378,30,26,2,1,39
81,1001,253,304,70,53,5,1,39
81,1001,329,343,26,25,1,1,39
81,1001,320,425,90,64,6,1,39
82,1001,162,319,65,60,5,1,39
82,1001,52,323,35,25,2,1,39
82,1001,85,279,70,40,5,1,39
82,1001,101,353,40,63,4,1,39
82,1001,153,401,90,63,6,1,39
83,1001,342,171,46,60,4,1,39
83,1001,265,131,67,41,4,1,39
83,1001,276,196,45,72,5,1,39
83,1001,232,175,37,24,2,1,39
83,1001,333,253,90,63,6,1,39
900,1000,501,647,1,1,1,10,1
900,1000,492,626,1,1,1,10,1
900,1007,16,27,1,1,1,10,1
900,1008,17,21,1,1,1,10,1
900,1009,17,21,1,1,1,10,1
900,1002,413,386,1,1,1,10,1
900,1011,197,230,1,1,1,10,1
900,1011,235,246,1,1,1,10,1
900,1000,476,642,1,1,1,10,1
900,1002,412,371,1,1,1,10,1
900,1015,761,544,1,1,1,10,1
900,1015,756,566,1,1,1,10,1
900,1015,716,542,1,1,1,10,1
900,1015,713,543,1,1,1,10,1
900,1020,570,542,1,1,1,10,1
900,1020,548,548,1,1,1,10,1
900,1002,413,353,1,1,1,10,1
900,1011,190,261,1,1,1,10,1
900,1015,715,573,1,1,1,10,1
900,1020,561,561,1,1,1,10,1
900,1002,463,332,1,1,1,10,1
21,1002,388,444,100,30,1,3600,1
22,1002,552,474,255,100,1,3600,1
23,1002,418,682,200,100,1,3600,1
24,1002,242,558,140,90,1,3600,1
25,1002,98,325,90,175,1,3600,1
32,1000,250,134,145,280,1,3600,1
33,1000,122,269,108,150,1,3600,1
35,1000,320,425,90,64,1,3600,1
37,1000,432,392,45,72,1,3600,1
38,1015,501,277,90,65,1,3600,1
39,1015,433,155,70,54,1,3600,1
40,1015,153,401,90,63,1,3600,1
51,1021,26,30,30,30,2,1,18
84,1015,114,312,95,45,3,1,18
84,1015,293,559,56,37,2,1,18
86,1001,264,368,45,72,5,1,11
86,1001,421,327,68,41,5,1,11
86,1001,433,155,70,54,5,1,11
86,1001,510,196,45,56,5,1,11
86,1001,489,449,90,60,5,1,11
88,1001,498,367,46,60,5,1,11
88,1001,501,277,90,65,5,1,11
88,1001,432,392,45,72,5,1,11
88,1001,400,199,37,24,5,1,11
88,1001,444,220,55,72,5,1,11
85,1015,114,312,95,45,3,1,33
85,1015,293,559,56,37,2,1,23
87,1001,264,368,45,72,5,1,33
87,1001,421,327,68,41,3,1,33
87,1001,433,155,70,54,5,1,33
87,1001,510,196,45,56,3,1,33
87,1001,489,449,90,60,6,1,43
89,1001,498,367,46,60,3,1,33
89,1001,501,277,90,65,6,1,43
89,1001,432,392,45,72,4,1,33
89,1001,400,199,37,24,2,1,18
89,1001,444,220,55,72,5,1,33
900,1002,960,552,1,1,1,10,1
900,1002,61,468,1,1,1,10,1
900,1002,551,959,1,1,1,10,1
900,1002,53,396,1,1,1,10,1
900,1000,973,664,1,1,1,10,1
900,1000,81,316,1,1,1,10,1
900,1011,9,374,1,1,1,10,1
900,1020,376,14,1,1,1,10,1
900,1000,81,325,1,1,1,10,1
900,1002,962,562,1,1,1,10,1
900,1002,61,460,1,1,1,10,1
900,1002,55,396,1,1,1,10,1
900,1000,975,673,1,1,1,10,1
900,1011,10,383,1,1,1,10,1
900,1020,381,10,1,1,1,10,1
900,1002,560,962,1,1,1,10,1
900,1002,225,192,1,1,1,10,1
900,1002,230,197,1,1,1,10,1
900,1015,1010,706,1,1,1,10,1
900,1015,1013,704,1,1,1,10,1
21,1002,516,311,266,249,1,3600,1
22,1002,552,474,255,100,1,3600,1
23,1002,418,682,200,100,1,3600,1
24,1002,242,558,140,90,1,3600,1
25,1002,98,325,90,175,1,3600,1
26,1011,317,77,150,50,1,3600,1
27,1011,328,227,200,300,1,3600,1
28,1011,538,272,110,250,1,3600,1
29,1011,673,638,100,70,1,3600,1
30,1020,608,556,171,144,1,3600,1
31,1020,412,230,198,211,1,3600,1
32,1020,200,177,150,169,1,3600,1
33,1020,232,460,224,142,1,3600,1
34,1000,565,556,180,210,1,3600,1
35,1000,504,333,170,140,1,3600,1
36,1000,250,134,145,280,1,3600,1
37,1000,122,269,108,150,1,3600,1
38,1015,662,665,138,79,1,3600,1
39,1015,451,676,93,117,1,3600,1
40,1015,298,454,15,15,1,3600,1
90,1015,362,469,192,117,1,3600,203
91,1001,320,425,90,64,1,3600,103
92,1001,153,401,90,63,1,3600,103
93,1001,333,253,90,63,1,3600,103
18,1015,821,550,30,50,50,1,100
900,1001,311,645,1,1,1,10,1
106,1025,55,57,113,61,1,60,18
106,1025,55,118,113,51,1,60,18
106,1025,23,75,40,22,1,60,18
107,1026,39,35,53,40,1,60,18
107,1026,107,98,90,46,1,60,18
107,1026,107,144,90,51,1,60,18
108,1027,52,34,92,74,1,60,18
108,1027,143,114,47,77,1,60,18
105,1028,22,67,72,32,1,60,18
105,1028,66,29,94,125,1,60,18
105,1028,114,166,1,1,1,5,1
900,1002,509,352,1,1,1,5,1
900,1002,434,395,1,1,1,5,1
900,1002,444,395,1,1,1,5,1
900,1002,455,383,1,1,1,5,1
900,1002,455,373,1,1,1,5,1
900,1001,317,643,1,1,1,10,1
3130,1011,659,772,50,50,0,1,2
3131,1011,662,775,50,50,0,1,2
3132,1011,662,777,50,50,0,1,2
3133,1011,665,779,50,50,0,1,2
3134,1020,396,588,50,50,0,1,2
3135,1020,398,590,50,50,0,1,2
3136,1020,399,593,50,50,0,1,2
3137,1020,401,592,50,50,0,1,2
1,1002,434,443,13,20,30,1,30
1,1002,525,300,175,140,30,1,30
2,1002,616,545,150,100,50,1,50
3,1002,418,682,100,100,300,1,300
4,1002,200,540,75,60,200,1,200
5,1002,100,310,110,90,250,1,250
64,1002,100,310,110,90,15,1,22
3031,1011,328,227,200,300,5,600,10
3032,1011,532,768,100,60,5,600,23
3031,1011,328,227,200,300,5,600,28
3032,1011,532,768,100,60,5,600,23
3033,1000,250,134,145,280,5,600,23
3050,1020,232,460,224,142,5,600,23
3100,1063,416,367,0,0,1,5,2
3100,1063,402,364,0,0,1,5,2
3100,1063,376,375,0,0,1,5,2
3100,1063,362,372,0,0,1,5,2
3100,1063,336,383,0,0,1,5,2
3100,1063,326,374,0,0,1,5,2
3100,1063,326,344,0,0,1,5,2
3100,1063,326,331,0,0,1,5,2
3100,1063,334,304,0,0,1,5,2
3100,1063,333,291,0,0,1,5,2
3100,1063,342,264,0,0,1,5,2
3100,1063,334,256,0,0,1,5,2
3100,1063,304,255,0,0,1,5,2
3100,1063,290,252,0,0,1,5,2
3100,1063,264,263,0,0,1,5,2
3100,1063,250,260,0,0,1,5,2
3100,1063,224,271,0,0,1,5,2
3100,1063,214,262,0,0,1,5,2
3100,1063,214,232,0,0,1,5,2
3100,1063,213,219,0,0,1,5,2
3100,1063,222,192,0,0,1,5,2
3100,1063,222,179,0,0,1,5,2
3100,1063,230,152,0,0,1,5,2
3100,1063,222,144,0,0,1,5,2
3100,1063,192,143,0,0,1,5,2
3100,1063,178,140,0,0,1,5,2
3100,1063,152,151,0,0,1,5,2
3100,1063,138,149,0,0,1,5,2
3100,1063,112,159,0,0,1,5,2
3100,1063,102,150,0,0,1,5,2
3101,1063,405,361,4,4,2,8,2
3101,1063,365,369,4,4,2,8,2
3101,1063,325,377,4,4,2,8,2
3101,1063,321,333,4,4,2,8,2
3101,1063,329,293,4,4,2,8,2
3101,1063,337,253,4,4,2,8,2
3101,1063,293,249,4,4,2,8,2
3101,1063,253,257,4,4,2,8,2
3101,1063,213,265,4,4,2,8,2
3101,1063,210,221,4,4,2,8,2
3101,1063,218,182,4,4,2,8,2
3101,1063,226,142,4,4,2,8,2
3101,1063,181,137,4,4,2,8,2
3101,1063,142,146,4,4,2,8,2
3101,1063,102,154,4,4,2,8,2
3102,1063,84,64,0,0,1,1800,2
3103,1063,68,65,0,0,1,180,2
3103,1063,77,75,0,0,1,180,2
3103,1063,84,81,0,0,1,180,2
3103,1063,101,81,0,0,1,180,2
3103,1063,88,48,0,0,1,180,2
3103,1063,92,55,0,0,1,180,2
3103,1063,104,64,0,0,1,180,2
3103,1063,68,48,0,0,1,180,2
900,1002,436,436,1,1,1,3,1
900,1002,446,436,1,1,1,3,1
8500,1212,517,732,60,60,2,900,2
3147,1353,32,259,15,10,3,10,8
3147,1353,56,287,15,15,3,10,8
3147,1353,81,272,21,18,3,10,8
3147,1353,100,253,23,18,3,10,8
3147,1353,120,236,17,15,3,10,8
3147,1353,148,203,16,14,3,10,8
3147,1353,134,168,21,18,3,10,8
3147,1353,146,146,14,14,3,10,8
3148,1353,208,150,19,20,3,10,8
3148,1353,228,131,20,13,3,10,8
3149,1353,192,154,30,30,1,43200,30
3147,1353,327,158,14,12,3,10,8
3147,1353,350,192,18,15,3,10,8
3147,1353,379,172,18,16,3,10,8
3147,1353,391,159,28,22,3,10,8
3147,1353,423,191,28,23,3,10,8
3147,1353,435,243,22,20,3,10,8
3147,1353,418,253,22,20,3,10,8
3147,1353,395,277,22,19,3,10,8
3147,1353,373,302,27,25,3,10,8
3148,1353,370,369,19,14,3,10,8
3148,1353,408,395,20,19,3,10,8
3148,1353,339,332,18,16,3,10,8
3148,1353,318,357,19,20,3,10,8
3148,1353,327,412,9,21,3,10,8
3148,1353,309,426,10,18,3,10,8
3147,1353,257,495,21,20,3,10,8
3147,1353,280,516,21,21,3,10,8
3147,1353,306,506,21,21,3,10,8
3147,1353,328,478,25,20,3,10,8
3147,1353,346,457,22,18,3,10,8
3147,1353,376,412,21,14,3,10,8
3147,1353,434,375,21,20,3,10,8
3147,1353,451,353,20,12,3,10,8
3147,1353,477,449,18,13,3,10,8
3147,1353,483,493,18,18,3,10,8
3147,1353,501,541,30,30,3,10,8
3147,1353,553,621,34,34,3,10,8
3147,1353,537,641,34,34,3,10,8
3148,1353,564,663,18,18,3,10,8
3148,1353,609,709,20,20,3,10,8
3148,1353,629,682,20,18,3,10,8
3148,1353,647,665,20,18,3,10,8
3148,1353,665,656,20,29,3,10,8
3148,1353,688,611,16,30,3,10,8
3147,1353,670,587,22,22,3,10,8
3147,1353,629,616,15,15,3,10,8
3147,1353,629,554,23,22,3,10,8
3147,1353,653,535,26,27,3,10,8
3147,1353,667,521,25,26,3,10,8
3147,1353,691,497,33,27,3,10,8
3147,1353,714,476,25,27,3,10,8
3147,1353,658,428,34,27,3,10,8
3147,1353,642,444,34,34,3,10,8
3147,1353,600,442,34,26,3,10,8
3147,1353,579,468,26,20,3,10,8
3147,1353,596,530,25,18,3,10,8
3147,1353,481,693,26,20,3,10,8
3147,1353,495,674,21,21,3,10,8
3147,1353,585,731,22,22,3,10,8
3147,1353,545,700,18,25,3,10,8
3148,1353,575,594,18,30,3,10,8
3148,1353,596,578,18,22,3,10,8
3148,1353,575,557,16,23,3,10,8
3148,1353,464,578,20,20,3,10,8
3148,1353,445,598,23,23,3,10,8
3147,1353,426,623,27,27,3,10,8
3147,1353,424,506,15,15,3,10,8
3147,1353,296,442,21,18,3,10,8
3147,1353,249,420,22,27,3,10,8
3148,1353,298,375,19,17,3,10,8
3148,1353,451,429,30,10,3,10,8
3148,1353,486,397,19,10,3,10,8
3147,1353,519,350,22,27,3,10,8
3147,1353,548,323,20,27,3,10,8
3147,1353,595,360,21,21,3,10,8
3147,1353,627,392,18,25,3,10,8
3147,1353,574,393,21,21,3,10,8
3147,1353,595,407,21,21,3,10,8
3147,1353,610,433,15,16,3,10,8
3147,1353,541,496,27,25,3,10,8
3147,1353,521,528,18,26,3,10,8
3148,1353,483,637,18,12,3,10,8
3148,1353,345,261,27,20,3,10,8
3147,1353,151,276,18,18,3,10,8
3147,1353,186,365,26,20,3,10,8
3147,1353,229,448,17,25,3,10,8
3155,1354,16,280,45,20,3,10,10
3155,1354,36,275,12,25,3,10,10
3155,1354,40,256,25,30,3,10,10
3155,1354,57,236,30,30,3,10,9
3155,1354,85,250,18,18,3,10,9
3155,1354,98,201,24,25,3,10,10
3155,1354,133,210,25,30,3,10,10
3155,1354,156,238,30,30,3,10,9
3155,1354,131,257,18,18,3,10,10
3155,1354,97,371,40,30,3,10,10
3155,1354,139,316,30,10,3,10,10
3155,1354,161,301,20,20,3,10,9
3155,1354,191,327,25,10,3,10,9
3155,1354,173,344,15,18,3,10,10
3155,1354,153,367,30,20,3,10,10
3155,1354,182,397,30,30,3,10,10
3156,1354,188,333,30,30,1,43200,30
3155,1354,162,420,30,18,3,10,9
3155,1354,183,457,20,30,3,10,9
3155,1354,210,437,30,20,3,10,9
3155,1354,229,419,25,20,3,10,10
3155,1354,259,455,25,16,3,10,10
3155,1354,236,474,30,16,3,10,10
3155,1354,220,492,30,16,3,10,10
3155,1354,254,521,30,15,3,10,10
3155,1354,289,563,20,10,3,10,9
3155,1354,297,535,10,20,3,10,10
3155,1354,295,480,30,25,3,10,10
3155,1354,327,513,35,15,3,10,10
3155,1354,345,494,20,13,3,10,10
3155,1354,378,459,22,30,3,10,10
3155,1354,410,428,25,14,3,10,10
3155,1354,384,390,15,25,3,10,10
3155,1354,353,355,30,16,3,10,10
3155,1354,337,375,25,14,3,10,10
3155,1354,314,396,25,16,3,10,10
3155,1354,292,419,30,17,3,10,10
3155,1354,373,436,17,30,3,10,10
3155,1354,184,206,30,12,3,10,10
3155,1354,201,197,20,10,3,10,10
3155,1354,227,226,20,15,3,10,10
3155,1354,210,245,30,12,3,10,10
3155,1354,190,262,25,25,3,10,10
3155,1354,204,290,25,11,3,10,10
3155,1354,225,296,25,11,3,10,10
3155,1354,271,319,20,8,3,10,10
3155,1354,298,348,25,15,3,10,10
3155,1354,294,225,25,15,3,10,10
3155,1354,312,208,20,15,3,10,10
3155,1354,334,184,25,15,3,10,10
3155,1354,383,200,20,15,3,10,10
3155,1354,366,215,25,16,3,10,10
3155,1354,349,234,25,14,3,10,10
3155,1354,318,265,25,12,3,10,10
3155,1354,295,295,20,10,3,10,10
3155,1354,322,324,25,15,3,10,10
3155,1354,339,307,25,15,3,10,10
3155,1354,357,286,25,20,3,10,10
3155,1354,468,379,25,17,3,10,10
3155,1354,492,405,20,16,3,10,10
3155,1354,542,359,25,17,3,10,10
3155,1354,566,336,20,16,3,10,10
3155,1354,266,380,25,19,3,10,10
3155,1354,442,393,20,15,3,10,10
3155,1354,224,358,20,16,3,10,10
3155,1354,414,360,25,17,3,10,10
3155,1354,508,455,15,12,3,10,10
3155,1354,555,411,20,20,3,10,10
3155,1354,541,423,18,12,3,10,10
3155,1354,380,539,12,18,3,10,10
3155,1354,541,550,18,12,3,10,10
3155,1354,570,445,25,25,3,10,10
3155,1354,602,466,25,18,3,10,10
3155,1354,634,493,25,36,3,10,10
3155,1354,653,514,20,36,3,10,10
3155,1354,496,535,25,15,3,10,10
3155,1354,515,515,18,15,3,10,10
3155,1354,471,486,18,25,3,10,10
3155,1354,680,425,10,10,3,10,10
3155,1354,662,400,25,15,3,10,10
3155,1354,372,406,25,24,3,10,10
3155,1354,495,479,12,7,3,10,10
3155,1354,565,526,20,12,3,10,10
3155,1354,274,246,25,20,3,10,10
3155,1354,518,255,15,15,3,10,10
3155,1354,433,343,20,20,3,10,10
3155,1354,522,379,12,18,3,10,10
3155,1354,490,350,20,18,3,10,10
3155,1354,508,334,20,20,3,10,10
3155,1354,321,449,20,20,3,10,10
3155,1354,456,592,20,20,3,10,10
3155,1354,558,648,25,25,3,10,10
3155,1354,573,592,15,25,3,10,10
3155,1354,451,467,20,9,3,10,10
3155,1354,540,477,25,15,3,10,10
3155,1354,581,628,25,25,3,10,10
3155,1354,669,555,25,15,3,10,10
3155,1354,737,551,30,18,3,10,10
3155,1354,693,598,25,20,3,10,10
3155,1354,803,628,25,20,3,10,10
3155,1354,687,659,30,25,3,10,10
3155,1354,670,681,20,14,3,10,10
3155,1354,589,763,25,19,3,10,10
3155,1354,669,629,25,20,3,10,10
3155,1354,622,535,30,18,3,10,10
3155,1354,762,671,25,18,3,10,10
3155,1354,651,572,25,18,3,10,10
3155,1354,861,712,20,25,3,10,10
3155,1354,618,794,30,25,3,10,10
3155,1354,607,551,25,15,3,10,10
3155,1354,608,680,20,12,3,10,10
3155,1354,826,605,25,20,3,10,10
3155,1354,847,586,20,13,3,10,10
3155,1354,658,841,25,20,3,10,10
3155,1354,728,704,25,12,3,10,10
3155,1354,608,742,25,14,3,10,10
3155,1354,469,674,25,15,3,10,10
3155,1354,356,563,25,13,3,10,10
3155,1354,720,491,25,18,3,10,10
3155,1354,923,649,20,20,3,10,10
3526,1000,702,774,30,30,1,600,30
3526,1000,563,733,30,30,1,600,30
3526,1000,652,606,30,30,1,600,30
900,1360,10,187,1,1,1,10,1
900,1360,10,193,1,1,1,10,1
900,1364,658,416,1,1,1,10,1
900,1364,658,423,1,1,1,10,1
200,1300,309,597,44,51,3,1,15
200,1300,257,549,40,63,3,1,15
200,1300,207,518,40,30,2,1,15
200,1300,317,514,25,26,1,1,15
200,1300,241,473,62,55,3,1,15
200,1300,362,605,36,30,2,1,15
200,1300,388,371,40,24,2,1,15
200,1300,220,347,38,24,2,1,15
200,1300,347,378,30,26,2,1,15
200,1300,253,304,70,53,5,1,15
200,1300,329,343,26,25,1,1,15
200,1300,320,425,90,64,6,1,15
200,1300,162,319,65,60,5,1,15
200,1300,52,323,35,25,2,1,15
200,1300,85,279,70,40,5,1,15
200,1300,101,353,40,63,4,1,15
200,1300,153,401,90,63,6,1,15
200,1300,232,175,37,24,2,1,15
200,1300,333,253,90,63,6,1,15
200,1300,342,171,46,60,4,1,15
200,1300,265,131,67,41,4,1,15
201,1300,276,196,45,72,5,1,15
201,1300,309,597,44,51,3,1,39
201,1300,257,549,40,63,3,1,39
201,1300,207,518,40,30,2,1,39
201,1300,317,514,25,26,1,1,39
201,1300,241,473,62,55,3,1,39
201,1300,362,605,36,30,2,1,39
201,1300,388,371,40,24,2,1,39
201,1300,220,347,38,24,2,1,39
201,1300,347,378,30,26,2,1,39
201,1300,253,304,70,53,5,1,39
201,1300,329,343,26,25,1,1,39
201,1300,320,425,90,64,6,1,39
201,1300,162,319,65,60,5,1,39
201,1300,52,323,35,25,2,1,39
201,1300,85,279,70,40,5,1,39
201,1300,101,353,40,63,4,1,39
201,1300,153,401,90,63,6,1,39
201,1300,342,171,46,60,4,1,39
201,1300,265,131,67,41,4,1,39
201,1300,276,196,45,72,5,1,39
201,1300,232,175,37,24,2,1,39
201,1300,333,253,90,63,6,1,39
201,1300,264,368,45,72,5,1,18
201,1300,421,327,68,41,3,1,18
201,1300,433,155,70,54,5,1,18
201,1300,510,196,45,56,3,1,18
201,1300,489,449,90,60,6,1,18
201,1300,498,367,46,60,3,1,18
201,1300,501,277,90,65,6,1,18
201,1300,432,392,45,72,4,1,18
201,1300,400,199,37,24,2,1,18
201,1300,444,220,55,72,5,1,18
201,1300,264,368,45,72,5,1,33
201,1300,421,327,68,41,3,1,33
201,1300,433,155,70,54,5,1,33
201,1300,510,196,45,56,3,1,33
201,1300,489,449,90,60,6,1,43
201,1300,498,367,46,60,3,1,33
201,1300,501,277,90,65,6,1,43
201,1300,432,392,45,72,4,1,33
201,1300,400,199,37,24,2,1,18
201,1300,444,220,55,72,5,1,33
3155,1354,205,393,15,15,3,10,10
3155,1354,696,813,25,15,3,10,10
3155,1354,505,285,25,20,3,10,10
3155,1354,462,328,25,20,3,10,10
3155,1354,536,383,25,20,3,10,10
3155,1354,694,851,25,20,3,10,10
3155,1354,506,648,25,20,3,10,10
3155,1354,897,623,18,15,3,10,10
3155,1354,862,634,20,25,3,10,10
3155,1354,862,583,12,10,3,10,10
3155,1354,825,622,12,10,3,10,10
3155,1354,790,654,20,10,3,10,10
3155,1354,752,694,20,12,3,10,10
3155,1354,720,725,20,12,3,10,10
3155,1354,703,748,20,12,3,10,10
3155,1354,714,756,12,20,3,10,10
3155,1354,733,775,12,20,3,10,10
3155,1354,785,661,20,12,3,10,10
3155,1354,861,586,12,12,3,10,10
3155,1354,867,637,20,20,3,10,10
3155,1354,14,288,20,20,3,10,10
3155,1354,89,224,12,20,3,10,10
3155,1354,122,287,22,20,3,10,10
3155,1354,115,307,10,12,3,10,10
3155,1354,143,328,12,20,3,10,10
3155,1354,110,396,25,12,3,10,10
3155,1354,127,377,25,12,3,10,10
3155,1354,147,250,12,12,3,10,10
3155,1354,180,220,12,12,3,10,10
3155,1354,157,177,25,10,3,10,10
3155,1354,138,396,25,20,3,10,10
3155,1354,175,390,12,12,3,10,10
3155,1354,178,414,12,10,3,10,10
3155,1354,160,438,12,10,3,10,10
3155,1354,182,253,12,10,3,10,10
3155,1354,181,280,12,10,3,10,10
3155,1354,222,309,20,10,3,10,10
3155,1354,262,312,12,10,3,10,10
3155,1354,258,342,20,18,3,10,10
3155,1354,243,386,12,18,3,10,10
3155,1354,262,400,18,18,3,10,10
3155,1354,294,369,25,12,3,10,10
3155,1354,322,343,12,12,3,10,10
3155,1354,343,368,10,10,3,10,10
3155,1354,314,281,20,12,3,10,10
3155,1354,296,301,12,20,3,10,10
3155,1354,267,267,20,20,3,10,10
3155,1354,319,342,20,10,3,10,10
3155,1354,291,370,12,10,3,10,10
3155,1354,261,398,20,20,3,10,10
3155,1354,253,342,25,15,3,10,10
3155,1354,259,333,12,12,3,10,10
3155,1354,258,307,6,6,3,10,10
3155,1354,343,292,18,12,3,10,10
3155,1354,220,311,18,20,3,10,10
3147,1353,103,185,24,15,3,10,8
3147,1353,86,201,24,15,3,10,8
3147,1353,72,223,24,15,3,10,8
3147,1353,56,236,24,15,3,10,8
3147,1353,135,303,24,15,3,10,8
3147,1353,121,317,24,15,3,10,8
3147,1353,104,335,24,15,3,10,8
3147,1353,121,361,24,15,3,10,8
3147,1353,137,347,24,15,3,10,8
3147,1353,155,331,24,15,3,10,8
3147,1353,169,313,24,15,3,10,8
3147,1353,183,303,24,15,3,10,8
3147,1353,190,291,24,15,3,10,8
3147,1353,200,281,24,15,3,10,8
3147,1353,222,262,24,15,3,10,8
3147,1353,240,243,24,15,3,10,8
3147,1353,250,232,24,15,3,10,8
3147,1353,265,219,24,15,3,10,8
3147,1353,285,200,24,15,3,10,8
3147,1353,203,231,24,15,3,10,8
3147,1353,220,213,24,15,3,10,8
3147,1353,236,198,24,15,3,10,8
3147,1353,252,181,24,15,3,10,8
3147,1353,269,149,24,15,3,10,8
3147,1353,160,160,24,15,3,10,8
3147,1353,166,119,24,15,3,10,8
3147,1353,187,105,24,15,3,10,8
3147,1353,195,97,24,15,3,10,8
3147,1353,208,81,24,15,3,10,8
3147,1353,225,64,24,15,3,10,8
3147,1353,238,48,24,15,3,10,8
3147,1353,262,34,24,15,3,10,8
3147,1353,280,38,24,15,3,10,8
3147,1353,300,59,24,15,3,10,8
3147,1353,283,82,24,15,3,10,8
3147,1353,270,100,24,15,3,10,8
3147,1353,273,117,24,15,3,10,8
3147,1353,292,139,24,15,3,10,8
3147,1353,313,124,24,15,3,10,8
3147,1353,321,110,24,15,3,10,8
3147,1353,336,100,24,15,3,10,8
3147,1353,356,113,24,15,3,10,8
3147,1353,341,136,24,15,3,10,8
3147,1353,109,179,24,15,3,10,8
3147,1353,87,200,24,15,3,10,8
3147,1353,65,226,24,15,3,10,8
3147,1353,46,242,24,15,3,10,8
3147,1353,139,296,13,12,3,10,8
3147,1353,124,310,13,12,3,10,8
3147,1353,98,336,13,12,3,10,8
3147,1353,125,356,13,12,3,10,8
3147,1353,142,341,13,12,3,10,8
3147,1353,154,329,13,12,3,10,8
3147,1353,179,305,13,12,3,10,8
3147,1353,190,293,13,12,3,10,8
3147,1353,205,275,13,12,3,10,8
3147,1353,214,253,13,12,3,10,8
3147,1353,245,239,13,12,3,10,8
3147,1353,265,216,13,12,3,10,8
3147,1353,411,463,17,16,3,10,8
3147,1353,453,476,13,12,3,10,8
3147,1353,560,372,21,15,3,10,8
3147,1353,425,461,15,12,3,10,8
3147,1353,403,450,13,16,3,10,8
3147,1353,382,442,13,21,3,10,8
3147,1353,361,397,14,12,3,10,8
3148,1353,384,232,14,14,3,10,8
3148,1353,407,210,14,14,3,10,8
3148,1353,459,221,14,14,3,10,8
3148,1353,259,355,14,14,3,10,8
3148,1353,228,327,14,14,3,10,8
3148,1353,242,308,14,14,3,10,8
3148,1353,256,292,14,14,3,10,8
3148,1353,272,287,14,14,3,10,8
3148,1353,297,313,14,14,3,10,8
3148,1353,285,329,14,14,3,10,8
3148,1353,274,343,14,14,3,10,8
3148,1353,259,394,14,14,3,10,8
3148,1353,223,324,14,14,3,10,8
3155,1354,182,280,12,10,3,10,10
3155,1354,198,293,12,12,3,10,10
3155,1354,180,252,10,12,3,10,10
3155,1354,160,253,12,12,3,10,10
3155,1354,132,201,12,10,3,10,10
3155,1354,103,196,20,15,3,10,10
3155,1354,80,222,12,12,3,10,10
3155,1354,66,264,12,12,3,10,10
3155,1354,51,282,12,10,3,10,10
3155,1354,23,298,20,24,3,10,10
3155,1354,181,280,12,12,3,10,10
3155,1354,237,164,25,25,3,10,10
3155,1354,209,133,25,25,3,10,10
3155,1354,178,156,25,12,3,10,10
3155,1354,149,190,25,12,3,10,10
3155,1354,168,206,12,30,3,10,10
3155,1354,111,296,25,16,3,10,10
3155,1354,111,358,30,16,3,10,10
3155,1354,85,324,30,25,3,10,10
3155,1354,67,340,30,36,3,10,10
3155,1354,115,353,30,36,3,10,10
3155,1354,102,368,30,36,3,10,10
3155,1354,203,388,24,20,3,10,10
3155,1354,204,458,30,20,3,10,10
3155,1354,172,362,25,20,3,10,10
3155,1354,191,340,25,20,3,10,10
3155,1354,158,310,20,10,3,10,10
3155,1354,110,294,40,24,3,10,10
3155,1354,125,287,30,10,3,10,10
3155,1354,157,233,30,30,3,10,10
3155,1354,87,210,30,20,3,10,10
3155,1354,59,242,30,10,3,10,10
3155,1354,27,273,30,10,3,10,10
2133,1770,18,18,40,200,10,0,40
2134,1771,18,18,40,200,10,0,40
2135,1772,18,18,40,200,10,0,40
2136,1773,18,18,40,200,10,0,40
2137,1774,18,18,40,200,10,0,40
2138,1775,18,18,40,200,10,0,40
2139,1777,18,18,40,200,10,0,40
2141,1011,99,430,0,0,0,0,0
2142,1011,99,430,0,0,0,0,0
2147,1020,795,471,0,0,0,0,0
2148,1021,795,471,0,0,0,0,0
2149,1020,879,562,0,0,0,0,0
2143,1020,713,678,171,144,5,1,18
2143,1020,866,552,100,100,15,10,15
2179,1000,166,226,50,50,10,60,12
2157,1015,561,797,1,1,1,600,1
2179,1000,171,231,50,50,10,60,12
2179,1000,161,222,50,50,10,60,12
1,1002,373,425,70,70,30,1,30
1,1002,504,428,40,60,30,1,30
1,1002,513,395,90,100,30,1,30
1,1002,530,431,30,50,30,1,30
2093,1015,265,95,80,80,3,8,24
900,1511,63,42,1,1,1,10,1
900,1511,61,59,1,1,1,10,1
900,1511,42,36,1,1,1,10,1
900,1511,36,59,1,1,1,10,1
2169,1011,789,460,10,10,0,0,1
2171,1015,734,774,10,10,0,0,1
2140,1011,40,362,15,15,6,1,12
2140,1011,55,328,15,15,6,1,12
2140,1011,26,391,15,15,6,1,12
2140,1011,32,370,15,15,6,1,12
2189,1001,728,676,1,1,1,60,1
5046,4021,89,168,400,170,80,1,15
5050,4021,89,168,400,170,60,1,17
5051,4021,89,168,400,170,15,1,40
5045,4021,174,338,220,85,40,1,15
5049,4021,174,338,220,85,30,1,17
5045,4021,271,423,60,90,20,1,15
5049,4021,271,423,60,90,15,1,17
5045,4021,257,74,10,120,10,1,8
5046,4021,257,74,10,120,10,1,8
5049,4021,257,74,10,120,10,3,10
5050,4021,257,74,10,120,10,3,10
5051,4021,257,74,10,120,1,15,25
5057,4022,55,155,300,110,40,1,16
5054,4022,55,155,300,110,40,1,22
5053,4022,55,155,300,110,30,3,17
5056,4022,55,155,300,110,40,10,22
5057,4022,160,75,100,245,40,1,16
5054,4022,160,75,100,245,30,1,22
5056,4022,160,75,100,245,40,10,22
5055,4023,254,574,10,10,1,9,5
5055,4023,348,474,10,10,1,9,5
5055,4023,500,380,10,10,1,9,5
5055,4023,493,210,10,10,1,9,5
5055,4023,326,111,10,10,1,9,5
5055,4023,223,210,10,10,1,9,5
5055,4023,119,314,10,10,1,9,5
5055,4023,155,460,10,10,1,9,5
5055,4023,252,406,10,10,1,9,5
5055,4023,267,279,10,10,1,9,5
5055,4023,348,271,10,10,1,9,5
5055,4023,407,362,10,10,1,9,5
5060,4024,254,574,10,10,1,9,5
5060,4024,348,474,10,10,1,9,5
5060,4024,500,380,10,10,1,9,5
5060,4024,493,210,10,10,1,9,5
5060,4024,326,111,10,10,1,9,5
5060,4024,223,210,10,10,1,9,5
5060,4024,119,314,10,10,1,9,5
5060,4024,155,460,10,10,1,9,5
5060,4024,252,406,10,10,1,9,5
5060,4024,267,279,10,10,1,9,5
5060,4024,348,271,10,10,1,9,5
5060,4024,407,362,10,10,1,9,5
5058,4025,128,122,40,40,0,60,80
2224,1015,493,473,40,40,0,0,10
2225,1015,302,558,35,35,0,0,10
2226,1015,405,426,50,50,2,15,18
2231,1001,89,280,20,20,3,1,10
2231,1001,97,343,20,20,3,1,10
2231,1001,184,384,20,20,3,1,10
2232,1001,186,359,1,1,1,10,1
3600,1700,69,505,50,20,5,60,10
3600,1700,69,535,50,20,5,60,10
3600,1700,69,565,50,20,5,60,10
3600,1700,120,615,50,20,5,60,10
3600,1700,127,542,20,50,5,60,10
3601,1700,120,550,7,70,3,90,7
3601,1700,150,550,7,70,3,90,7
3602,1700,90,505,50,5,2,300,5
3603,1700,120,595,0,0,1,900,1
3604,1700,300,667,20,50,5,60,10
3604,1700,300,607,20,50,5,60,10
3604,1700,300,547,20,50,5,60,10
3604,1700,210,560,20,50,5,60,10
3604,1700,210,610,20,50,5,60,10
3605,1700,272,547,7,70,3,90,7
3605,1700,272,630,7,70,3,90,7
3606,1700,260,610,5,50,2,300,5
3607,1700,270,635,0,0,1,900,1
3608,1700,440,690,20,50,5,60,10
3608,1700,480,690,20,50,5,60,10
3608,1700,445,633,50,20,5,60,10
3608,1700,445,578,50,20,5,60,10
3608,1700,435,516,50,20,5,60,10
3609,1700,435,556,70,7,3,90,7
3609,1700,435,668,70,7,3,90,7
3610,1700,445,613,50,5,2,300,5
3611,1700,465,596,0,0,1,900,1
3612,1700,612,955,50,20,5,60,10
3612,1700,612,984,50,20,5,60,10
3612,1700,614,1061,50,20,5,60,10
3612,1700,615,1087,50,20,5,60,10
3612,1700,688,950,20,50,5,60,10
3613,1700,689,1008,7,70,3,90,7
3613,1700,721,1012,7,70,3,90,7
3614,1700,746,1028,50,5,2,300,5
3615,1700,749,1039,0,0,1,900,1
3616,1700,955,612,50,20,5,60,10
3616,1700,955,641,50,20,5,60,10
3616,1700,954,710,50,20,5,60,10
3616,1700,954,734,50,20,5,60,10
3616,1700,1010,612,20,50,5,60,10
3617,1700,1010,670,7,70,3,90,7
3617,1700,1049,643,7,70,3,90,7
3618,1700,1064,699,50,5,2,300,5
3619,1700,1071,709,0,0,1,900,1
3620,1700,663,467,50,20,5,60,10
3620,1700,663,507,50,20,5,60,10
3620,1700,606,462,20,50,5,60,10
3620,1700,551,472,20,50,5,60,10
3620,1700,489,462,20,50,5,60,10
3621,1700,529,462,7,70,3,90,7
3621,1700,641,462,7,70,3,90,7
3622,1700,586,472,5,50,2,300,5
3623,1700,569,492,0,0,1,900,1
3624,1700,640,327,50,20,5,60,10
3624,1700,580,327,50,20,5,60,10
3624,1700,520,327,50,20,5,60,10
3624,1700,533,237,50,20,5,60,10
3624,1700,583,237,50,20,5,60,10
3625,1700,520,299,70,7,3,90,7
3625,1700,603,299,70,7,3,90,7
3626,1700,583,287,50,5,2,300,5
3627,1700,608,297,0,0,1,900,1
3628,1700,493,96,20,50,5,60,10
3628,1700,500,96,20,50,5,60,10
3628,1700,530,96,20,50,5,60,10
3628,1700,583,147,20,50,5,60,10
3628,1700,515,154,50,20,5,60,10
3629,1700,523,147,70,7,3,90,7
3629,1700,523,177,70,7,3,90,7
3630,1700,498,117,5,50,2,300,5
3631,1700,568,147,0,0,1,900,1
3601,1700,866,916,30,30,3,90,10
3605,1700,914,874,30,30,3,90,10
3609,1700,383,843,50,50,3,90,10
3613,1700,465,902,50,50,3,90,10
3617,1700,835,416,50,50,3,90,10
3621,1700,899,469,50,50,3,90,10
3625,1700,633,707,70,70,3,90,10
3625,1700,713,645,70,70,3,90,10
3629,1700,723,751,40,40,3,90,10
3617,1700,369,246,30,30,3,90,10
3621,1700,407,286,30,30,3,90,10
3625,1700,233,384,30,30,3,90,10
3629,1700,272,419,30,30,3,90,10
3613,1700,303,356,30,30,3,90,10
3609,1700,336,321,30,30,3,90,10
3636,1700,93,552,0,0,1,600,0
3637,1700,305,686,0,0,1,600,0
3638,1700,474,599,0,0,1,600,0
3639,1700,658,490,0,0,1,600,0
3640,1700,701,326,0,0,1,600,0
3641,1700,650,987,0,0,1,600,0
3642,1700,556,96,0,0,1,600,0
3643,1700,996,693,0,0,1,600,0
3632,1700,447,875,30,30,0,300,30
3633,1700,886,443,30,30,0,300,30
3634,1700,925,934,30,30,0,300,30
3635,1700,717,738,30,30,0,300,30
3644,1700,337,341,30,30,0,300,30
3645,1700,337,341,30,30,0,300,30
3646,1700,337,341,30,30,0,300,30
6000,1043,22,56,81,44,6,8,18
6000,1043,50,16,27,34,6,10,13
6000,1043,106,57,36,37,6,10,18
6000,1043,106,100,20,63,6,10,18
6000,1043,129,104,57,90,6,8,18
6000,1043,61,104,39,33,6,10,18
6001,1044,22,56,81,44,6,8,18
6001,1044,50,16,27,34,6,10,13
6001,1044,106,57,36,37,6,10,18
6001,1044,106,100,20,63,6,10,18
6001,1044,129,104,57,90,6,8,18
6001,1044,61,104,39,33,6,10,18
6002,1045,22,56,81,44,6,8,18
6002,1045,50,16,27,34,6,10,13
6002,1045,106,57,36,37,6,10,18
6002,1045,106,100,20,63,6,10,18
6002,1045,129,104,57,90,6,8,18
6002,1045,61,104,39,33,6,10,18
6003,1046,22,56,81,44,6,8,18
6003,1046,50,16,27,34,6,10,13
6003,1046,106,57,36,37,6,10,18
6003,1046,106,100,20,63,6,10,18
6003,1046,129,104,57,90,6,8,18
6003,1046,61,104,39,33,6,10,18
6004,1047,22,56,81,44,6,8,18
6004,1047,50,16,27,34,6,10,13
6004,1047,106,57,36,37,6,10,18
6004,1047,106,100,20,63,6,10,18
6004,1047,129,104,57,90,6,8,18
6004,1047,61,104,39,33,6,10,18
6005,1048,22,56,81,44,6,8,18
6005,1048,50,16,27,34,6,10,13
6005,1048,106,57,36,37,6,10,18
6005,1048,106,100,20,63,6,10,18
6005,1048,129,104,57,90,6,8,18
6005,1048,61,104,39,33,6,10,18
6006,1049,22,56,81,44,6,8,18
6006,1049,50,16,27,34,6,10,13
6006,1049,106,57,36,37,6,10,18
6006,1049,106,100,20,63,6,10,18
6006,1049,129,104,57,90,6,8,18
6006,1049,61,104,39,33,6,10,18
900,1002,425,353,1,1,1,5,1
900,1002,418,353,1,1,1,5,1
900,1011,241,248,1,1,1,5,1
6010,1011,353,717,50,50,1,1200,53
6011,1000,122,269,108,150,1,1800,153
7000,1052,212,206,10,10,4,300,5
7001,1052,166,287,1,1,1,1,5
7002,1052,80,167,1,1,1,1,5
7003,1052,315,300,1,1,1,1,5
7004,1052,168,81,1,1,1,1,5
7005,1052,288,166,1,1,1,1,5
8100,1002,98,325,90,175,1,300,53
8101,1011,317,77,150,50,1,300,53
8102,1011,328,227,200,300,1,300,53
8103,1011,538,272,110,250,1,300,53
8104,1011,532,768,100,60,1,300,53
8105,1020,608,556,171,144,1,300,53
8106,1020,412,230,198,211,1,300,53
8107,1020,200,177,150,169,1,300,53
8108,1020,232,460,224,142,1,300,53
8109,1000,565,556,180,210,1,300,53
8110,1000,504,333,170,140,1,300,53
8111,1000,250,134,145,280,1,300,53
8112,1000,122,269,108,150,1,300,53
8113,1015,662,665,138,79,1,300,63
8114,1015,456,681,90,100,1,300,63
8116,1001,241,473,62,55,1,300,48
8115,1015,362,469,192,117,1,300,63
8117,1001,388,371,40,24,1,300,53
8118,1001,162,319,65,60,1,300,53
8119,1001,333,253,90,63,1,300,53
8200,1002,98,325,90,175,1,300,53
8201,1011,317,77,150,50,1,300,53
8202,1011,328,227,200,300,1,300,53
8203,1011,538,272,110,250,1,300,53
8204,1011,532,768,100,60,1,300,53
8205,1020,608,556,171,144,1,300,53
8206,1020,412,230,198,211,1,300,53
8207,1020,200,177,150,169,1,300,53
8208,1020,232,460,224,142,1,300,53
8209,1000,565,556,180,210,1,300,53
8210,1000,504,333,170,140,1,300,53
8211,1000,250,134,145,280,1,300,53
8212,1000,122,269,108,150,1,300,53
8213,1015,662,665,138,79,1,300,63
8214,1015,456,681,90,100,1,300,63
8216,1001,241,473,62,55,1,300,53
8215,1015,362,469,192,117,1,300,63
8217,1001,388,371,40,24,1,300,53
8218,1001,162,319,65,60,1,300,53
8219,1001,333,253,90,63,1,300,53
8300,1002,98,325,90,175,1,300,68
8301,1011,317,77,150,50,1,300,68
8302,1011,328,227,200,300,1,300,68
8303,1011,538,272,110,250,1,300,68
8304,1011,532,768,100,60,1,300,68
8305,1020,608,556,171,144,1,300,68
8306,1020,412,230,198,211,1,300,68
8307,1020,200,177,150,169,1,300,68
8308,1020,232,460,224,142,1,300,68
8309,1000,565,556,180,210,1,300,68
8310,1000,504,333,170,140,1,300,68
8311,1000,250,134,145,280,1,300,68
8312,1000,122,269,108,150,1,300,68
8313,1015,662,665,138,79,1,300,73
8314,1015,456,681,90,100,1,300,73
8316,1001,241,473,62,55,1,300,58
8315,1015,362,469,192,117,1,300,73
8317,1001,388,371,40,24,1,300,68
8318,1001,162,319,65,60,1,300,68
8319,1001,333,253,90,63,1,300,68
1400,1215,49,373,70,60,5,3,26
1400,1215,123,355,70,60,5,3,26
1400,1215,122,420,70,60,5,3,26
1400,1215,232,353,70,60,5,3,26
1400,1215,283,310,70,60,5,3,26
1400,1215,267,199,70,60,5,3,26
1400,1215,341,221,70,60,5,3,26
1400,1215,353,216,70,60,5,3,26
1400,1215,384,137,70,60,5,3,26
1400,1215,415,157,70,60,5,3,26
1401,1215,314,514,90,60,5,3,13
1401,1215,310,603,90,60,5,3,13
1401,1215,415,551,90,60,5,3,13
1401,1215,457,476,90,60,5,3,13
1401,1215,516,452,90,60,5,3,13
1401,1215,605,391,90,60,5,3,13
1401,1215,689,367,90,60,5,3,13
1402,1215,502,798,70,50,5,3,26
1402,1215,585,783,70,50,5,3,26
1402,1215,608,733,70,50,5,3,26
1402,1215,667,686,70,50,5,3,26
1402,1215,686,675,70,50,5,3,26
1402,1215,738,635,70,50,5,3,26
1402,1215,771,566,70,50,5,3,26
1403,1207,883,1096,70,70,5,3,38
1403,1207,900,1047,70,70,5,3,38
1403,1207,961,992,70,70,5,3,38
1403,1207,1027,967,70,70,5,3,38
1403,1207,1092,919,70,70,5,3,38
1403,1207,1088,1010,70,70,5,3,38
1404,1207,782,803,80,60,5,3,13
1404,1207,617,818,80,60,5,3,13
1404,1207,467,716,90,70,5,3,26
1404,1207,420,630,90,70,5,3,26
1404,1207,437,535,90,70,5,3,26
1404,1207,545,551,90,70,5,3,26
1404,1207,638,582,90,70,5,3,26
1404,1207,752,634,90,70,5,3,26
1404,1207,858,710,90,70,5,3,26
1404,1207,588,431,90,70,5,3,26
1405,1207,222,149,60,60,5,3,13
1405,1207,184,160,60,60,5,3,13
1405,1207,112,182,60,60,5,3,13
1405,1207,58,233,60,60,5,3,13
1405,1207,67,295,60,60,5,3,13
1405,1207,201,316,60,60,5,3,13
1405,1207,239,259,60,60,5,3,13
1406,1208,59,493,60,60,5,3,26
1406,1208,147,459,60,60,5,3,26
1406,1208,242,401,60,60,5,3,26
1406,1208,278,310,60,60,5,3,26
1406,1208,306,234,70,70,5,3,26
1406,1208,368,149,70,70,5,3,26
1406,1208,494,332,70,70,5,3,26
1406,1208,606,457,70,70,5,3,26
1406,1208,636,569,70,70,5,3,26
1406,1208,440,642,70,70,5,3,26
1407,1214,633,148,60,90,5,3,13
1407,1214,661,250,60,90,5,3,13
1407,1214,757,318,60,90,5,3,13
1407,1214,842,399,60,90,5,3,13
1407,1214,880,519,60,90,5,3,13
1407,1214,908,588,60,90,5,3,13
1408,1214,897,641,70,80,5,3,13
1408,1214,988,667,70,80,5,3,13
1408,1214,1084,658,70,80,5,3,13
1408,1214,1087,768,70,80,5,3,13
1408,1214,957,814,70,80,5,3,13
1408,1214,896,886,60,80,5,3,13
1408,1214,842,1020,60,80,5,3,13
1408,1214,889,947,60,80,5,3,13
1408,1214,868,1168,60,80,5,3,13
1408,1214,967,1150,60,80,5,3,13
1409,1214,657,1168,80,80,5,3,13
1409,1214,536,1161,80,80,5,3,13
1409,1214,476,1042,80,80,5,3,13
1409,1214,522,1007,80,80,5,3,13
1409,1214,591,994,80,80,5,3,13
1409,1214,570,903,80,80,5,3,13
1409,1214,449,866,80,80,5,3,13
1409,1214,365,847,80,80,5,3,13
1409,1214,657,1168,80,80,5,3,13
1409,1214,202,773,80,80,5,3,13
1410,1214,380,586,80,70,5,3,13
1410,1214,255,544,80,70,5,3,13
1410,1214,135,540,80,70,5,3,13
1410,1214,289,487,80,70,5,3,13
1410,1214,353,592,80,70,5,3,13
1410,1214,376,525,80,70,5,3,13
1410,1214,513,521,80,70,5,3,13
1410,1214,446,363,80,70,5,3,13
1410,1214,364,565,80,70,5,3,13
1410,1214,528,351,80,70,5,3,13
8415,1210,212,201,380,380,1,3600,1
8415,1210,466,538,150,150,1,3600,1
8415,1210,599,755,150,150,1,3600,1
8415,1210,446,301,150,150,1,3600,1
8416,1210,375,599,120,120,1,5,13
8416,1210,509,602,120,120,1,5,13
8416,1210,649,659,120,120,1,5,13
8416,1210,713,592,120,120,1,5,13
8416,1210,543,333,200,200,1,5,13
8416,1210,212,201,380,380,3,5,13
8416,1210,482,353,120,120,1,5,13
8416,1210,543,433,120,120,1,5,13
8415,1210,667,543,120,120,1,3600,1
8416,1210,779,585,120,120,1,5,13
8416,1210,706,658,120,120,1,5,13
8415,1210,557,671,120,120,1,3600,1
8416,1210,623,784,120,120,1,5,13
8415,1210,774,823,120,120,1,3600,1
8416,1210,427,624,120,120,1,5,13
8416,1210,247,482,120,120,1,3,13
8417,1211,749,488,100,100,10,100,26
8418,1211,669,533,100,100,10,100,46
8417,1211,611,603,100,100,10,100,26
8418,1211,520,680,100,100,10,100,46
8417,1211,481,698,100,100,10,100,26
8418,1211,545,592,100,100,10,100,46
8417,1211,654,536,100,100,10,100,26
8418,1211,651,598,100,100,10,100,46
8417,1211,509,554,100,100,10,100,26
8418,1211,301,386,100,100,3,100,46
8417,1211,256,439,100,100,3,100,26
8418,1211,174,450,100,100,3,100,46
8417,1211,230,569,100,100,3,100,26
8418,1211,309,634,100,100,3,100,46
8417,1211,415,753,100,100,3,100,26
8418,1211,512,753,100,100,3,100,46
8419,1212,915,1207,60,60,5,100,15
8419,1212,792,1064,60,60,5,100,15
8419,1212,835,1164,60,60,5,100,15
8419,1212,918,947,60,60,5,100,15
8419,1212,997,980,60,60,5,100,15
8419,1212,1101,1148,60,60,5,200,15
8419,1212,896,773,60,60,5,100,15
8419,1212,954,717,60,60,5,100,15
8419,1212,810,583,60,60,5,100,15
8419,1212,1155,918,60,60,5,200,15
8419,1212,590,588,40,40,5,100,15
8419,1212,619,565,40,40,5,100,15
8419,1212,658,605,40,40,5,100,15
8419,1212,760,422,40,40,5,100,15
8419,1212,725,366,40,40,5,100,15
8419,1212,642,430,60,60,5,200,15
8419,1212,268,197,60,60,5,200,15
8419,1212,239,179,100,40,5,100,13
8419,1212,291,230,60,60,5,200,15
8419,1212,412,423,40,40,5,200,13
8419,1212,184,464,50,50,5,200,15
8419,1212,260,588,50,50,5,200,15
8419,1212,306,549,30,30,5,100,15
8419,1212,145,421,30,30,5,100,15
8419,1212,210,514,30,30,5,100,15
8419,1212,490,709,50,50,5,200,15
8419,1212,516,719,30,30,5,100,15
8419,1212,603,857,50,50,5,200,15
8419,1212,644,872,30,30,5,100,15
8419,1212,654,929,30,30,5,100,15
8421,1212,382,94,60,60,10,100,13
8421,1212,392,146,60,60,10,100,13
8421,1212,469,174,60,60,10,100,13
8421,1212,494,136,60,60,10,100,13
8421,1212,539,211,60,60,10,100,13
8421,1212,499,153,60,60,10,100,13
8421,1212,403,60,60,60,10,100,13
8421,1212,379,43,60,60,10,100,13
8421,1212,446,123,70,70,20,200,13
900,1210,713,1037,1,1,1,10,1
900,1210,719,1041,1,1,1,10,1
8420,1212,300,330,350,320,1,31600,350
900,1213,463,250,1,1,1,10,1
900,1213,455,272,1,1,1,10,1
900,1213,429,261,1,1,1,10,1
900,1213,427,279,1,1,1,10,1
2,1002,590,500,300,300,600,1,600
2,1002,680,434,300,300,600,1,600
2,1002,657,600,500,500,900,1,900
18,1015,716,691,150,150,200,1,200
18,1015,810,690,150,150,200,1,200
900,700,38,38,1,1,1,10,1
900,700,62,39,1,1,1,10,1
900,700,62,62,1,1,1,10,1
900,700,40,63,1,1,1,10,1
900,7503,49,52,1,1,0,0,0
900,7503,54,52,1,1,0,0,0
4152,1002,565,794,1,1,0,1,0
2140,1011,55,332,0,0,0,0,0
4171,1927,339,363,1,1,0,1,0
2474,2055,417,457,20,20,5,0,10
2473,2055,417,457,20,20,1,0,2
2474,2055,319,487,20,20,5,0,10
2473,2055,319,487,20,20,1,0,2
2474,2055,372,620,20,20,5,0,10
2473,2055,372,620,20,20,1,0,2
2474,2055,474,601,20,20,5,0,10
2473,2055,474,601,20,20,1,0,2
2474,2055,587,369,20,20,5,0,10
2473,2055,587,369,20,20,1,0,2
2474,2055,309,347,20,20,5,0,10
2473,2055,309,347,20,20,1,0,2
2474,2055,235,405,20,20,5,0,10
2473,2055,235,405,20,20,1,0,2
2474,2055,90,262,20,20,5,0,10
2473,2055,90,262,20,20,1,0,2
2474,2055,233,123,20,20,5,0,10
2473,2055,233,123,20,20,1,0,2
2474,2055,207,307,20,20,5,0,10
2473,2055,207,307,20,20,1,0,2
2474,2055,536,438,20,20,5,0,10
2473,2055,536,438,20,20,1,0,2
2474,2055,428,386,20,20,5,0,10
2473,2055,428,386,20,20,1,0,2
2474,2055,264,231,20,20,5,0,10
2473,2055,264,231,20,20,1,0,2
2474,2055,338,175,20,20,5,0,10
2473,2055,338,175,20,20,1,0,2
2474,2055,479,308,20,20,1,0,2
2473,2055,479,308,20,20,5,0,10
2474,2055,373,277,20,20,5,0,10
2473,2055,373,277,20,20,1,0,2
2474,2055,146,192,20,20,5,0,10
2473,2055,149,192,20,20,1,0,2
4151,2055,1,1,1,1,0,0,2
2411,1762,66,255,100,13,10,9,15
2411,1762,103,259,100,60,10,9,15
2411,1762,157,336,20,20,7,9,7
2411,1762,147,379,38,38,9,9,12
2411,1762,272,423,30,100,9,9,24
2411,1762,284,507,30,30,9,9,9
2411,1762,358,578,34,50,9,9,23
2411,1762,398,555,65,80,8,9,25
2411,1762,460,397,20,40,4,9,8
2411,1762,329,350,50,50,9,9,22
2411,1762,348,140,68,47,12,9,28
2411,1762,285,50,40,47,12,9,19
2411,1762,297,232,30,30,12,9,18
2410,1762,66,255,100,13,1,9,2
2410,1762,103,259,100,60,1,9,2
2410,1762,157,336,20,20,1,9,2
2410,1762,147,379,38,38,1,9,2
2410,1762,272,423,30,100,1,9,2
2410,1762,284,507,30,30,1,9,2
2410,1762,358,578,34,50,1,9,2
2410,1762,398,555,65,80,1,9,2
2410,1762,460,397,20,40,1,9,2
2410,1762,329,350,50,50,1,9,2
2410,1762,348,140,68,47,1,9,2
2410,1762,285,50,40,47,1,9,2
2410,1762,297,232,30,30,1,9,2
2412,1762,297,232,30,30,1,9,1
2412,1762,285,50,40,47,1,9,1
2412,1762,348,140,68,47,1,9,1
2412,1762,329,350,50,50,1,9,1
2412,1762,460,397,20,40,1,9,1
2412,1762,398,555,65,80,1,9,1
2412,1762,358,578,34,50,1,9,1
2412,1762,284,507,30,30,1,9,1
2412,1762,272,423,30,100,1,9,1
2412,1762,147,379,38,38,1,9,1
2412,1762,157,336,20,20,1,9,1
2413,1762,297,232,30,30,1,9,1
2413,1762,285,50,40,47,1,9,1
2413,1762,348,140,68,47,1,9,1
2413,1762,460,397,20,40,1,9,1
2413,1762,398,555,65,80,1,9,1
2413,1762,358,578,34,50,1,9,1
2413,1762,284,507,30,30,1,9,1
2413,1762,272,423,30,100,1,9,1
2413,1762,147,379,38,38,1,9,1
2413,1762,157,336,20,20,1,9,1
2416,1927,66,255,100,13,10,9,25
2416,1927,103,259,100,60,10,9,25
2416,1927,157,336,20,20,7,9,10
2416,1927,147,379,38,38,9,9,20
2416,1927,272,423,30,100,9,9,32
2416,1927,284,507,30,30,9,9,15
2416,1927,358,578,34,50,9,9,32
2416,1927,398,555,65,80,8,9,40
2416,1927,460,397,20,40,4,9,10
2416,1927,348,140,68,47,12,9,50
2416,1927,285,50,40,47,12,9,30
2416,1927,297,232,30,30,12,9,30
2415,1927,66,255,100,13,3,9,25
2415,1927,103,259,100,60,3,9,25
2415,1927,157,336,20,20,1,9,2
2415,1927,147,379,38,38,1,9,2
2415,1927,272,423,30,100,1,9,2
2415,1927,284,507,30,30,1,9,2
2415,1927,358,578,34,50,1,9,2
2415,1927,398,555,65,80,1,9,2
2415,1927,460,397,20,40,3,9,2
2415,1927,348,140,68,47,1,9,2
2415,1927,285,50,40,47,1,9,2
2415,1927,297,232,30,30,1,9,2
2417,1927,157,336,20,20,1,9,1
2417,1927,147,379,38,38,1,9,1
2417,1927,272,423,30,100,1,9,1
2417,1927,284,507,30,30,1,9,1
2417,1927,358,578,34,50,1,9,1
2417,1927,398,555,65,80,1,9,1
2417,1927,460,397,20,40,1,9,1
2417,1927,348,140,68,47,1,9,1
2417,1927,285,50,40,47,1,9,1
2417,1927,297,232,30,30,1,9,1
2418,1927,157,336,20,20,1,9,1
2418,1927,147,379,38,38,1,9,1
2418,1927,272,423,30,100,1,9,1
2418,1927,284,507,30,30,1,1,1
2418,1927,358,578,34,50,1,1,1
2418,1927,398,555,65,80,1,1,1
2418,1927,460,397,20,40,1,1,1
2418,1927,348,140,68,47,1,1,1
2418,1927,285,50,40,47,1,1,1
2418,1927,297,232,30,30,1,1,1
2461,1999,392,454,47,39,5,10,12
2460,1999,392,454,47,39,1,10,2
2461,1999,361,347,36,55,4,6,12
2460,1999,361,347,36,55,1,6,3
2461,1999,437,350,12,50,12,6,35
2461,1999,437,350,12,50,12,6,35
2461,1999,447,293,12,50,12,6,35
2461,1999,447,293,12,50,12,6,35
2461,1999,352,227,40,40,12,8,20
2460,1999,352,227,40,40,2,8,3
2461,1999,261,311,40,40,12,8,20
2460,1999,261,311,40,40,2,8,3
2460,1999,349,143,40,40,2,8,3
2461,1999,349,143,40,40,12,8,20
2461,1999,276,90,40,20,5,6,12
2460,1999,276,90,40,20,1,6,2
2461,1999,230,189,20,20,5,6,12
2460,1999,230,189,20,20,1,6,1
2461,1999,278,166,20,20,5,6,8
2461,1999,298,262,30,30,7,6,15
2461,1999,157,207,35,43,7,6,28
2461,1999,157,207,35,43,7,9,28
2460,1999,157,207,35,43,2,9,4
2461,1999,129,282,30,30,6,8,15
2461,1999,191,366,30,30,6,8,15
2461,1999,194,298,30,30,6,8,15
2461,1999,39,324,30,30,9,8,27
2461,1999,124,442,90,56,15,8,58
2461,1999,246,542,45,30,15,8,58
2460,1999,246,542,45,30,3,8,7
2461,1999,523,251,80,70,15,8,58
2461,1999,589,407,30,30,6,8,15
2460,1999,589,407,30,30,2,8,4
2466,2054,465,424,12,30,4,6,8
2465,2054,465,424,12,30,1,6,2
2466,2054,383,407,44,60,13,5,60
2465,2054,383,407,44,60,3,5,5
500,1013,23,38,57,56,10,10,40
500,1013,31,22,57,56,10,10,40
120,1075,342,21,40,300,40,3,200
120,1075,299,65,115,300,40,3,300
120,1075,299,65,115,300,40,3,300
120,1075,342,21,40,300,40,3,200
500,1013,28,25,40,50,20,5,80
500,1013,28,25,40,50,20,5,80
