1,1002,376,448,130,30,20,1,10
1,1002,428,459,100,30,20,1,10
2,1002,552,489,255,100,12,1,8
3,1002,418,682,200,100,12,1,8
4,1002,242,558,140,90,25,1,15
5,1002,98,325,90,175,5,1,17
6,1011,317,77,150,50,12,1,8
7,1011,328,227,200,300,10,1,7
7,1011,107,325,180,100,10,1,7
8,1011,538,272,110,250,10,1,7
9,1011,532,768,100,60,4,1,13
9,1011,673,638,100,70,4,1,15
10,1020,608,556,171,144,12,1,8
11,1020,412,230,198,211,12,1,9
12,1020,200,177,150,169,25,1,15
13,1020,232,460,224,142,12,1,8
14,1000,565,556,180,210,8,1,8
15,1000,776,561,110,110,8,1,8
15,1000,504,333,170,140,8,1,8
16,1000,250,134,145,280,25,1,15
17,1000,122,269,108,150,25,1,15
18,1015,812,548,44,174,12,1,6
18,1015,662,665,138,79,12,1,6
19,1015,465,689,90,100,12,1,6
19,1015,263,103,96,42,12,1,6
20,1001,309,597,44,51,5,1,11
20,1001,257,549,40,63,5,1,11
20,1001,207,518,40,30,5,1,11
20,1001,317,514,25,26,5,1,11
20,1001,241,473,62,55,5,1,11
20,1001,362,605,36,30,5,1,11
55,1015,362,469,192,117,10,1,7
55,1015,335,329,96,70,10,1,7
56,1001,388,371,40,24,5,1,11
56,1001,220,347,38,24,5,1,11
56,1001,347,378,30,26,5,1,11
56,1001,253,304,70,53,5,1,11
56,1001,329,343,26,25,5,1,11
56,1001,320,425,90,64,5,1,11
57,1001,162,319,65,60,5,1,11
57,1001,52,323,35,25,5,1,11
57,1001,85,279,70,40,5,1,11
57,1001,101,353,40,63,5,1,11
57,1001,153,401,90,63,5,1,11
58,1001,232,175,37,24,5,1,11
58,1001,333,253,90,63,5,1,11
58,1001,342,171,46,60,5,1,11
58,1001,265,131,67,41,5,1,11
58,1001,276,196,45,72,5,1,11
64,1002,98,325,90,175,10,1,39
65,1011,317,77,150,50,5,1,39
66,1011,328,227,200,300,30,1,39
66,1011,107,286,180,100,10,1,39
67,1011,538,272,110,250,17,1,39
68,1011,532,768,100,60,4,1,33
68,1011,673,638,100,70,4,1,39
69,1020,608,556,171,144,15,1,39
70,1020,412,230,198,211,25,1,39
71,1020,200,177,150,169,15,1,39
72,1020,232,460,224,142,19,1,39
73,1000,565,556,180,210,15,1,39
74,1000,776,561,110,110,7,1,39
74,1000,504,333,170,140,15,1,39
75,1000,250,134,145,280,25,1,39
76,1000,122,269,108,150,10,1,39
77,1015,812,548,44,174,5,1,39
77,1015,662,665,138,79,7,1,39
78,1015,451,676,93,117,7,1,18
78,1015,263,103,96,42,3,1,18
80,1001,309,597,44,51,3,1,39
80,1001,257,549,40,63,3,1,39
80,1001,207,518,40,30,2,1,39
80,1001,317,514,25,26,1,1,39
80,1001,241,473,62,55,3,1,39
80,1001,362,605,36,30,2,1,39
79,1015,362,469,192,117,13,1,39
79,1015,335,329,96,70,4,1,39
81,1001,388,371,40,24,2,1,39
81,1001,220,347,38,24,2,1,39
81,1001,347,378,30,26,2,1,39
81,1001,253,304,70,53,5,1,39
81,1001,329,343,26,25,1,1,39
81,1001,320,425,90,64,6,1,39
82,1001,162,319,65,60,5,1,39
82,1001,52,323,35,25,2,1,39
82,1001,85,279,70,40,5,1,39
82,1001,101,353,40,63,4,1,39
82,1001,153,401,90,63,6,1,39
83,1001,342,171,46,60,4,1,39
83,1001,265,131,67,41,4,1,39
83,1001,276,196,45,72,5,1,39
83,1001,232,175,37,24,2,1,39
83,1001,333,253,90,63,6,1,39
900,1000,501,647,1,1,1,10,1
900,1000,487,626,1,1,1,10,1
900,1007,16,27,1,1,1,10,1
900,1008,17,21,1,1,1,10,1
900,1009,17,21,1,1,1,10,1
900,1002,436,379,1,1,1,10,1
900,1002,413,386,1,1,1,10,1
900,1011,197,230,1,1,1,10,1
900,1011,235,246,1,1,1,10,1
900,1000,466,635,1,1,1,10,1
900,1002,412,371,1,1,1,10,1
900,1015,761,544,1,1,1,10,1
900,1015,756,566,1,1,1,10,1
900,1015,716,542,1,1,1,10,1
900,1015,713,543,1,1,1,10,1
900,1020,570,542,1,1,1,10,1
900,1020,548,548,1,1,1,10,1
900,1011,190,261,1,1,1,10,1
900,1015,715,573,1,1,1,10,1
900,1002,463,332,1,1,1,10,1
21,1002,388,444,100,30,3,120,113
22,1002,552,474,255,100,1,3600,263
23,1002,418,682,200,100,1,3600,213
24,1002,242,558,140,90,1,3600,153
25,1002,98,325,90,175,1,3600,183
32,1000,250,134,145,280,1,3600,293
33,1000,122,269,108,150,1,3600,163
35,1000,320,425,90,64,1,3600,103
37,1000,432,392,45,72,1,3600,83
38,1015,501,277,90,65,1,3600,103
39,1015,433,155,70,54,1,3600,83
40,1015,153,401,90,63,1,3600,103
51,1021,26,30,30,30,2,1,18
59,1003,26,30,30,30,2,1,18
84,1015,114,312,95,45,3,1,18
84,1015,293,559,56,37,2,1,18
86,1001,264,368,45,72,5,1,11
86,1001,421,327,68,41,5,1,11
86,1001,433,155,70,54,5,1,11
86,1001,510,196,45,56,5,1,11
86,1001,489,449,90,60,5,1,11
88,1001,498,367,46,60,5,1,11
88,1001,501,277,90,65,5,1,11
88,1001,432,392,45,72,5,1,11
88,1001,400,199,37,24,5,1,11
88,1001,444,220,55,72,5,1,11
85,1015,114,312,95,45,3,1,33
85,1015,293,559,56,37,2,1,23
87,1001,264,368,45,72,5,1,33
87,1001,421,327,68,41,3,1,33
87,1001,433,155,70,54,5,1,33
87,1001,510,196,45,56,3,1,33
87,1001,489,449,90,60,6,1,43
89,1001,498,367,46,60,3,1,33
89,1001,501,277,90,65,6,1,43
89,1001,432,392,45,72,4,1,33
89,1001,400,199,37,24,2,1,18
89,1001,444,220,55,72,5,1,33
900,1002,960,552,1,1,1,10,1
900,1002,61,468,1,1,1,10,1
900,1002,551,959,1,1,1,10,1
900,1002,53,396,1,1,1,10,1
900,1000,973,664,1,1,1,10,1
900,1000,81,316,1,1,1,10,1
900,1011,9,374,1,1,1,10,1
900,1020,376,14,1,1,1,10,1
900,1000,81,325,1,1,1,10,1
900,1002,962,562,1,1,1,10,1
900,1002,61,460,1,1,1,10,1
900,1002,55,396,1,1,1,10,1
900,1000,975,673,1,1,1,10,1
900,1011,10,383,1,1,1,10,1
900,1020,381,10,1,1,1,10,1
900,1002,560,962,1,1,1,10,1
900,1002,225,192,1,1,1,10,1
900,1002,230,197,1,1,1,10,1
900,1015,1010,706,1,1,1,10,1
900,1015,1013,704,1,1,1,10,1
21,1002,516,311,266,249,3,120,273
22,1002,552,474,255,100,1,3600,263
23,1002,418,682,200,100,1,3600,213
24,1002,242,558,140,90,1,3600,153
25,1002,98,325,90,175,1,3600,183
26,1011,317,77,150,50,1,3600,163
27,1011,328,227,200,300,1,3600,313
28,1011,538,272,110,250,1,3600,263
29,1011,673,638,100,70,1,3600,113
30,1020,608,556,171,144,1,3600,183
31,1020,412,230,198,211,1,3600,223
32,1020,200,177,150,169,1,3600,183
33,1020,232,460,224,142,1,3600,243
34,1000,565,556,180,210,1,3600,223
35,1000,504,333,170,140,1,3600,183
36,1000,250,134,145,280,1,3600,293
37,1000,122,269,108,150,1,3600,163
38,1015,662,665,138,79,1,3600,153
39,1015,451,676,93,117,1,3600,123
40,1015,298,454,15,15,1,3600,15
90,1015,362,469,192,117,1,3600,203
91,1001,320,425,90,64,1,3600,103
92,1001,153,401,90,63,1,3600,103
93,1001,333,253,90,63,1,3600,103
18,1015,821,656,120,140,25,1,12
900,1001,311,645,1,1,1,10,1
900,1005,539,695,1,1,1,10,1
106,1025,55,57,113,61,1,60,18
106,1025,55,118,113,51,1,60,18
106,1025,23,75,40,22,1,60,18
107,1026,39,35,53,40,1,60,18
107,1026,107,98,90,46,1,60,18
107,1026,107,144,90,51,1,60,18
108,1027,52,34,92,74,1,60,18
108,1027,143,114,47,77,1,60,18
105,1028,22,67,72,32,1,60,18
105,1028,66,29,94,125,1,60,18
105,1028,114,166,1,1,1,5,1
900,1002,509,352,1,1,1,5,1
900,1002,455,373,1,1,1,5,1
900,1001,317,643,1,1,1,10,1
900,1002,425,338,1,1,1,3,1
900,1002,425,326,1,1,1,3,1
900,1002,450,333,1,1,1,3,1
900,1002,434,333,1,1,1,3,1
900,1002,398,333,1,1,1,3,1
900,1002,395,352,1,1,1,3,1
900,1002,409,359,1,1,1,3,1
900,1002,388,387,1,1,1,3,1
19,1013,35,31,39,38,3,1,6
55,1014,28,90,49,36,10,1,7
55,1014,80,51,37,47,10,1,7
20,1016,29,36,49,32,10,1,6
20,1016,59,23,30,43,10,1,6
3130,1011,659,772,50,50,0,1,2
3131,1011,662,775,50,50,0,1,2
3132,1011,662,777,50,50,0,1,2
3133,1011,665,779,50,50,0,1,2
3134,1020,396,588,50,50,0,1,2
3135,1020,398,590,50,50,0,1,2
3136,1020,399,593,50,50,0,1,2
3137,1020,401,592,50,50,0,1,2
1,1002,382,429,50,30,20,1,10
1,1002,515,437,100,30,20,1,10
2,1002,634,400,100,30,12,1,7
1,1002,536,356,100,40,20,1,10
1,1002,600,300,15,15,15,1,5
4,1002,200,540,75,60,25,1,7
5,1002,100,310,110,90,5,1,10
3000,1040,365,585,4,4,2,10,2
3001,1040,389,561,4,4,2,10,2
3002,1040,413,537,4,4,2,10,2
3003,1040,437,513,4,4,2,10,2
3004,1040,461,489,4,4,2,10,2
3009,1040,317,537,4,4,2,10,2
3008,1040,341,513,4,4,2,10,2
3007,1040,365,489,4,4,2,10,2
3006,1040,389,465,4,4,2,10,2
3005,1040,413,441,4,4,2,10,2
3010,1040,365,393,4,4,2,10,2
3011,1040,341,417,4,4,2,10,2
3012,1040,317,441,4,4,2,10,2
3013,1040,293,465,4,4,2,10,2
3014,1040,269,489,4,4,2,10,2
3015,1040,317,345,4,4,2,10,2
3016,1040,293,369,4,4,2,10,2
3017,1040,269,393,4,4,2,10,2
3018,1040,245,417,4,4,2,10,2
3019,1040,221,441,4,4,2,10,2
3024,1040,269,297,4,4,2,10,2
3023,1040,245,321,4,4,2,10,2
3022,1040,221,345,4,4,2,10,2
3021,1040,197,369,4,4,2,10,2
3020,1040,173,393,4,4,2,10,2
3025,1041,427,436,1,1,1,10,1
3025,1041,259,364,1,1,1,10,1
3025,1041,427,436,1,1,1,10,1
3025,1041,347,449,1,1,1,10,1
3025,1041,347,438,1,1,1,10,1
3025,1041,378,440,1,1,1,10,1
3025,1041,406,448,1,1,1,10,1
3025,1041,455,441,1,1,1,10,1
3025,1041,259,337,1,1,1,10,1
3025,1041,241,372,1,1,1,10,1
3025,1041,160,367,1,1,1,10,1
3025,1041,121,334,1,1,1,10,1
3025,1041,94,351,1,1,1,3,1
3025,1041,169,302,1,1,1,10,1
3025,1041,99,224,1,1,1,10,1
3025,1041,131,191,1,1,1,10,1
3025,1041,179,216,1,1,1,10,1
3025,1041,185,263,1,1,1,10,1
3025,1041,239,270,1,1,1,10,1
3025,1041,281,286,1,1,1,10,1
3025,1041,421,534,1,1,1,10,1
3025,1041,401,584,1,1,1,10,1
3025,1041,417,582,1,1,1,10,1
3025,1041,350,599,1,1,1,10,1
3025,1041,246,437,1,1,1,10,1
3025,1041,220,218,1,1,1,10,1
3025,1041,249,210,1,1,1,10,1
3025,1041,201,156,1,1,1,10,1
3025,1041,490,462,1,1,1,10,1
3025,1041,511,459,1,1,1,10,1
3025,1041,375,298,1,1,1,10,1
3025,1041,369,280,1,1,1,10,1
3025,1041,69,285,1,1,1,10,1
3025,1041,194,238,1,1,1,10,1
3025,1041,448,345,1,1,1,10,1
3025,1041,438,375,1,1,1,10,1
3025,1041,548,463,1,1,1,10,1
3025,1041,564,482,1,1,1,10,1
3025,1041,215,276,1,1,1,10,1
3025,1041,128,251,1,1,1,10,1
3025,1041,223,389,1,1,1,10,1
3025,1041,196,380,1,1,1,10,1
3025,1041,425,229,1,1,1,10,1
3028,1060,197,401,1,1,1,3,1
3028,1060,180,339,1,1,1,3,1
3028,1060,167,322,1,1,1,3,1
3028,1060,112,360,1,1,1,3,1
3028,1060,143,338,1,1,1,3,1
3028,1060,153,312,1,1,1,3,1
3028,1060,84,242,1,1,1,3,1
3028,1060,233,296,1,1,1,3,1
3028,1060,364,433,1,1,1,3,1
3028,1060,394,476,1,1,1,3,1
3028,1060,362,486,1,1,1,3,1
3028,1060,403,552,1,1,1,3,1
3028,1060,292,449,1,1,1,3,1
3028,1060,265,446,1,1,1,3,1
3028,1060,302,491,1,1,1,3,1
3028,1060,396,610,1,1,1,3,1
3028,1060,278,303,1,1,1,3,1
3028,1060,220,197,1,1,1,3,1
3028,1060,272,244,1,1,1,3,1
3028,1060,304,224,1,1,1,3,1
3028,1060,322,248,1,1,1,3,1
3028,1060,470,392,1,1,1,3,1
3028,1060,502,431,1,1,1,3,1
3028,1060,541,471,1,1,1,3,1
3028,1060,560,426,1,1,1,3,1
3028,1060,476,485,1,1,1,3,1
3028,1060,512,475,1,1,1,3,1
3028,1060,497,544,1,1,1,3,1
3028,1060,422,494,1,1,1,3,1
3028,1060,407,314,1,1,1,3,1
3028,1060,423,323,1,1,1,3,1
3028,1060,118,170,1,1,1,3,1
3028,1060,189,434,1,1,1,3,1
3028,1060,516,417,1,1,1,3,1
3028,1060,396,378,1,1,1,3,1
3028,1060,307,364,1,1,1,3,1
3028,1060,196,223,1,1,1,3,1
3028,1060,138,244,1,1,1,3,1
3028,1060,99,207,1,1,1,3,1
3028,1060,414,359,1,1,1,3,1
3028,1060,461,403,1,1,1,3,1
3028,1060,546,452,1,1,1,3,1
3028,1060,425,509,1,1,1,3,1
3028,1060,299,267,1,1,1,3,1
3028,1060,201,143,1,1,1,3,1
3028,1060,299,235,1,1,1,3,1
3028,1060,224,412,1,1,1,3,1
3026,1041,386,178,1,1,1,20,1
3027,1041,411,209,1,1,1,5,1
3028,1061,197,401,1,1,1,3,1
3028,1061,180,339,1,1,1,3,1
3032,1011,532,768,100,60,5,600,23
3028,1061,112,360,1,1,1,3,1
3028,1061,143,338,1,1,1,3,1
3028,1061,153,312,1,1,1,3,1
3028,1061,84,242,1,1,1,3,1
3028,1061,233,296,1,1,1,3,1
3028,1061,364,433,1,1,1,3,1
3028,1061,394,476,1,1,1,3,1
3028,1061,362,486,1,1,1,3,1
3028,1061,403,552,1,1,1,3,1
3028,1061,292,449,1,1,1,3,1
3028,1061,265,446,1,1,1,3,1
3028,1061,302,491,1,1,1,3,1
3028,1061,396,610,1,1,1,3,1
3028,1061,278,303,1,1,1,3,1
3028,1061,220,197,1,1,1,3,1
3028,1061,272,244,1,1,1,3,1
3028,1061,304,224,1,1,1,3,1
3028,1061,322,248,1,1,1,3,1
3028,1061,470,392,1,1,1,3,1
3028,1061,502,431,1,1,1,3,1
3028,1061,541,471,1,1,1,3,1
3028,1061,560,426,1,1,1,3,1
3028,1061,476,485,1,1,1,3,1
3028,1061,512,475,1,1,1,3,1
3028,1061,497,544,1,1,1,3,1
3028,1061,422,494,1,1,1,3,1
3028,1061,407,314,1,1,1,3,1
3028,1061,423,323,1,1,1,3,1
3028,1061,118,170,1,1,1,3,1
3028,1061,189,434,1,1,1,3,1
3028,1061,516,417,1,1,1,3,1
3028,1061,396,378,1,1,1,3,1
3028,1061,307,364,1,1,1,3,1
3028,1061,196,223,1,1,1,3,1
3028,1061,138,244,1,1,1,3,1
3028,1061,99,207,1,1,1,3,1
3028,1061,414,359,1,1,1,3,1
3028,1061,461,403,1,1,1,3,1
3028,1061,546,452,1,1,1,3,1
3028,1061,425,509,1,1,1,3,1
3028,1061,299,267,1,1,1,3,1
3028,1061,201,143,1,1,1,3,1
3028,1061,299,235,1,1,1,3,1
3028,1061,224,412,1,1,1,3,1
3028,1062,197,401,1,1,1,3,1
3028,1062,180,339,1,1,1,3,1
3028,1062,167,322,1,1,1,3,1
3028,1062,112,360,1,1,1,3,1
3028,1062,143,338,1,1,1,3,1
3028,1062,153,312,1,1,1,3,1
3028,1062,84,242,1,1,1,3,1
3028,1062,233,296,1,1,1,3,1
3028,1062,364,433,1,1,1,3,1
3028,1062,394,476,1,1,1,3,1
3028,1062,362,486,1,1,1,3,1
3028,1062,403,552,1,1,1,3,1
3028,1062,292,449,1,1,1,3,1
3028,1062,265,446,1,1,1,3,1
3028,1062,302,491,1,1,1,3,1
3028,1062,396,610,1,1,1,3,1
3028,1062,278,303,1,1,1,3,1
3028,1062,220,197,1,1,1,3,1
3028,1062,272,244,1,1,1,3,1
3028,1062,304,224,1,1,1,3,1
3028,1062,322,248,1,1,1,3,1
3028,1062,470,392,1,1,1,3,1
3028,1062,502,431,1,1,1,3,1
3028,1062,541,471,1,1,1,3,1
3028,1062,560,426,1,1,1,3,1
3028,1062,476,485,1,1,1,3,1
3028,1062,512,475,1,1,1,3,1
3028,1062,497,544,1,1,1,3,1
3028,1062,422,494,1,1,1,3,1
3028,1062,407,314,1,1,1,3,1
3028,1062,423,323,1,1,1,3,1
3028,1062,118,170,1,1,1,3,1
3028,1062,189,434,1,1,1,3,1
3028,1062,516,417,1,1,1,3,1
3028,1062,396,378,1,1,1,3,1
3028,1062,307,364,1,1,1,3,1
3028,1062,196,223,1,1,1,3,1
3028,1062,138,244,1,1,1,3,1
3028,1062,99,207,1,1,1,3,1
3028,1062,414,359,1,1,1,3,1
3028,1062,461,403,1,1,1,3,1
3028,1062,546,452,1,1,1,3,1
3028,1062,425,509,1,1,1,3,1
3028,1062,299,267,1,1,1,3,1
3028,1062,201,143,1,1,1,3,1
3028,1062,299,235,1,1,1,3,1
3028,1062,224,412,1,1,1,3,1
3029,1041,284,145,1,1,1,20,1
3029,1041,269,113,1,1,1,20,1
3029,1041,283,94,1,1,1,20,1
3029,1041,307,103,1,1,1,20,1
3029,1041,322,100,1,1,1,20,1
3029,1041,333,124,1,1,1,20,1
3029,1041,321,150,1,1,1,20,1
3031,1011,328,227,200,300,5,600,28
3032,1011,532,768,100,60,5,600,23
3033,1000,250,134,145,280,5,600,23
3050,1020,232,460,224,142,5,600,23
3100,1063,416,367,0,0,1,5,2
3100,1063,402,364,0,0,1,5,2
3100,1063,376,375,0,0,1,5,2
3100,1063,362,372,0,0,1,5,2
3100,1063,336,383,0,0,1,5,2
3100,1063,326,374,0,0,1,5,2
3100,1063,326,344,0,0,1,5,2
3100,1063,326,331,0,0,1,5,2
3100,1063,334,304,0,0,1,5,2
3100,1063,333,291,0,0,1,5,2
3100,1063,342,264,0,0,1,5,2
3100,1063,334,256,0,0,1,5,2
3100,1063,304,255,0,0,1,5,2
3100,1063,290,252,0,0,1,5,2
3100,1063,264,263,0,0,1,5,2
3100,1063,250,260,0,0,1,5,2
3100,1063,224,271,0,0,1,5,2
3100,1063,214,262,0,0,1,5,2
3100,1063,214,232,0,0,1,5,2
3100,1063,213,219,0,0,1,5,2
3100,1063,222,192,0,0,1,5,2
3100,1063,222,179,0,0,1,5,2
3100,1063,230,152,0,0,1,5,2
3100,1063,222,144,0,0,1,5,2
3100,1063,192,143,0,0,1,5,2
3100,1063,178,140,0,0,1,5,2
3100,1063,152,151,0,0,1,5,2
3100,1063,138,149,0,0,1,5,2
3100,1063,112,159,0,0,1,5,2
3100,1063,102,150,0,0,1,5,2
3101,1063,405,361,4,4,2,8,2
3101,1063,365,369,4,4,2,8,2
3101,1063,325,377,4,4,2,8,2
3101,1063,321,333,4,4,2,8,2
3101,1063,329,293,4,4,2,8,2
3101,1063,337,253,4,4,2,8,2
3101,1063,293,249,4,4,2,8,2
3101,1063,253,257,4,4,2,8,2
3101,1063,213,265,4,4,2,8,2
3101,1063,210,221,4,4,2,8,2
3101,1063,218,182,4,4,2,8,2
3101,1063,226,142,4,4,2,8,2
3101,1063,181,137,4,4,2,8,2
3101,1063,142,146,4,4,2,8,2
3101,1063,102,154,4,4,2,8,2
3102,1063,84,64,0,0,1,1800,2
3103,1063,68,65,0,0,1,180,2
3103,1063,77,75,0,0,1,180,2
3103,1063,84,81,0,0,1,180,2
3103,1063,101,81,0,0,1,180,2
3103,1063,88,48,0,0,1,180,2
3103,1063,92,55,0,0,1,180,2
3103,1063,104,64,0,0,1,180,2
3103,1063,68,48,0,0,1,180,2
900,1002,436,436,1,1,1,3,1
900,1002,446,436,1,1,1,3,1
7,1061,357,153,0,0,1,5,1
7,1061,361,157,0,0,1,5,1
7,1061,366,164,0,0,1,5,1
7,1061,372,170,0,0,1,5,1
7,1061,376,174,0,0,1,5,1
7,1061,387,179,0,0,1,5,1
7,1061,392,184,0,0,1,5,1
7,1061,389,192,0,0,1,5,1
7,1061,404,202,0,0,1,5,1
7,1061,412,210,0,0,1,5,1
7,1061,417,216,0,0,1,5,1
3120,1038,86,78,50,50,0,1,2
8500,1212,517,732,60,60,2,10,59
111,1076,51,319,200,100,5,10,13
111,1076,251,407,200,170,5,10,13
112,1076,448,320,290,175,5,10,13
110,1076,286,87,160,120,5,10,13
113,1076,800,617,87,130,5,10,13
113,1076,673,729,130,100,5,10,13
3141,1351,25,125,20,2,3,10,6
3141,1351,54,146,9,24,3,10,6
3141,1351,79,114,17,17,3,10,6
3142,1351,119,87,11,11,3,10,6
3142,1351,156,48,20,2,3,10,6
3141,1351,192,81,20,7,3,10,8
3143,1351,218,133,30,30,1,18000,30
3141,1351,152,160,24,6,3,10,6
3141,1351,185,216,23,13,3,10,6
3141,1351,162,243,15,10,3,10,6
3141,1351,245,278,20,10,3,10,6
3142,1351,206,314,24,9,3,10,6
3141,1351,346,282,28,11,3,10,6
3141,1351,382,275,25,6,3,10,6
3142,1351,221,114,25,19,3,10,6
3141,1351,116,191,20,9,3,10,6
3141,1351,424,398,24,15,3,10,6
3141,1351,462,363,24,10,3,10,6
3144,1352,79,253,20,20,3,10,10
3144,1352,111,203,9,24,3,10,7
3144,1352,224,280,18,17,3,10,7
3144,1352,260,319,20,30,3,10,7
3144,1352,292,271,10,20,3,10,7
3144,1352,298,338,20,7,3,10,7
3145,1352,275,358,30,6,3,10,7
3145,1352,255,376,23,13,3,10,7
3145,1352,222,411,15,10,3,10,3
3144,1352,193,374,30,20,3,10,7
3144,1352,230,341,30,20,3,10,7
3144,1352,171,343,30,11,3,10,7
3144,1352,183,193,25,10,3,10,7
3144,1352,154,163,25,19,3,10,7
3144,1352,133,125,15,20,3,10,7
3144,1352,183,132,30,15,3,10,8
3145,1352,224,90,24,10,3,10,7
3144,1352,262,65,30,20,3,10,7
3144,1352,218,217,9,24,3,10,7
3144,1352,286,151,11,11,3,10,7
3144,1352,203,109,40,10,3,10,8
3144,1352,191,55,30,10,3,10,7
3144,1352,296,221,40,20,3,10,9
3144,1352,254,260,40,10,3,10,7
3144,1352,294,400,30,10,3,10,7
3144,1352,321,310,30,10,3,10,7
3144,1352,355,275,20,10,3,10,7
3144,1352,411,219,30,10,3,10,7
3145,1352,393,189,30,20,3,10,7
3145,1352,350,230,40,20,3,10,7
3144,1352,359,207,40,20,3,10,7
3144,1352,316,188,8,28,3,10,7
3144,1352,189,252,25,9,3,10,7
3144,1352,190,315,24,15,3,10,7
3144,1352,302,460,40,10,3,10,10
3144,1352,333,426,40,10,3,10,8
3144,1352,394,444,20,30,3,10,7
3144,1352,242,392,30,10,3,10,7
3144,1352,314,444,30,20,3,10,7
3144,1352,459,540,30,10,3,10,7
3144,1352,513,563,20,30,3,10,7
3144,1352,499,498,20,14,3,10,7
3144,1352,519,482,20,10,3,10,7
3145,1352,552,440,30,30,3,10,7
3145,1352,525,416,20,5,3,10,7
3144,1352,486,291,30,20,3,10,7
3145,1352,388,262,30,15,3,10,7
3145,1352,399,236,9,5,3,10,3
3145,1352,448,311,15,10,3,10,7
3144,1352,410,349,25,10,3,10,7
3144,1352,429,331,30,15,3,10,8
3144,1352,479,532,25,10,3,10,7
3144,1352,161,230,30,10,3,10,8
3144,1352,137,254,30,10,3,10,8
3144,1352,136,304,30,10,3,10,8
3144,1352,115,275,30,10,3,10,8
3144,1352,125,191,30,20,3,10,10
3145,1352,154,147,24,20,3,10,7
3145,1352,322,245,9,15,3,10,3
3145,1352,357,527,30,10,3,10,8
3145,1352,383,503,30,10,3,10,8
3144,1352,408,526,30,10,3,10,10
3144,1352,440,560,20,10,3,10,10
3144,1352,481,645,30,10,3,10,10
3146,1352,504,622,30,30,1,18000,30
3144,1352,556,521,30,10,3,10,8
3144,1352,561,506,20,30,3,10,10
3144,1352,556,467,30,20,3,10,8
3144,1352,630,447,30,10,3,10,10
3145,1352,658,468,30,10,3,10,7
3145,1352,454,431,10,30,3,10,7
3145,1352,440,443,60,20,3,10,7
3144,1352,408,419,24,10,3,10,7
3144,1352,370,327,20,30,3,10,7
3144,1352,377,385,24,10,3,10,7
3147,1353,32,259,15,10,3,10,8
3147,1353,56,287,15,15,3,10,8
3147,1353,81,272,21,18,3,10,8
3147,1353,100,253,23,18,3,10,8
3147,1353,120,236,17,15,3,10,8
3147,1353,148,203,16,14,3,10,8
3147,1353,134,168,21,18,3,10,8
3147,1353,146,146,14,14,3,10,8
3148,1353,208,150,19,20,3,10,8
3148,1353,228,131,20,13,3,10,8
3149,1353,192,154,30,30,1,18000,30
3147,1353,327,158,14,12,3,10,8
3147,1353,350,192,18,15,3,10,8
3147,1353,379,172,18,16,3,10,8
3147,1353,391,159,28,22,3,10,8
3147,1353,423,191,28,23,3,10,8
3147,1353,435,243,22,20,3,10,8
3147,1353,418,253,22,20,3,10,8
3147,1353,395,277,22,19,3,10,8
3147,1353,373,302,27,25,3,10,8
3148,1353,370,369,19,14,3,10,8
3148,1353,408,395,20,19,3,10,8
3148,1353,339,332,18,16,3,10,8
3148,1353,318,357,19,20,3,10,8
3148,1353,327,412,9,21,3,10,8
3148,1353,309,426,10,18,3,10,8
3147,1353,257,495,21,20,3,10,8
3147,1353,280,516,21,21,3,10,8
3147,1353,306,506,21,21,3,10,8
3147,1353,328,478,25,20,3,10,8
3147,1353,346,457,22,18,3,10,8
3147,1353,376,412,21,14,3,10,8
3147,1353,434,375,21,20,3,10,8
3147,1353,451,353,20,12,3,10,8
3147,1353,477,449,18,13,3,10,8
3147,1353,483,493,18,18,3,10,8
3147,1353,501,541,30,30,3,10,8
3147,1353,553,621,34,34,3,10,8
3147,1353,537,641,34,34,3,10,8
3148,1353,564,663,18,18,3,10,8
3148,1353,609,709,20,20,3,10,8
3148,1353,629,682,20,18,3,10,8
3148,1353,647,665,20,18,3,10,8
3148,1353,665,656,20,29,3,10,8
3148,1353,688,611,16,30,3,10,8
3147,1353,670,587,22,22,3,10,8
3147,1353,629,616,15,15,3,10,8
3147,1353,629,554,23,22,3,10,8
3147,1353,653,535,26,27,3,10,8
3147,1353,667,521,25,26,3,10,8
3147,1353,691,497,33,27,3,10,8
3147,1353,714,476,25,27,3,10,8
3147,1353,658,428,34,27,3,10,8
3147,1353,642,444,34,34,3,10,8
3147,1353,600,442,34,26,3,10,8
3147,1353,579,468,26,20,3,10,8
3147,1353,596,530,25,18,3,10,8
3147,1353,481,693,26,20,3,10,8
3147,1353,495,674,21,21,3,10,8
3147,1353,585,731,22,22,3,10,8
3147,1353,545,700,18,25,3,10,8
3148,1353,575,594,18,30,3,10,8
3148,1353,596,578,18,22,3,10,8
3148,1353,575,557,16,23,3,10,8
3148,1353,464,578,20,20,3,10,8
3148,1353,445,598,23,23,3,10,8
3147,1353,426,623,27,27,3,10,8
3147,1353,424,506,15,15,3,10,8
3147,1353,296,442,21,18,3,10,8
3147,1353,249,420,22,27,3,10,8
3148,1353,298,375,19,17,3,10,8
3148,1353,451,429,30,10,3,10,8
3148,1353,486,397,19,10,3,10,8
3147,1353,519,350,22,27,3,10,8
3147,1353,548,323,20,27,3,10,8
3147,1353,595,360,21,21,3,10,8
3147,1353,627,392,18,25,3,10,8
3147,1353,574,393,21,21,3,10,8
3147,1353,595,407,21,21,3,10,8
3147,1353,610,433,15,16,3,10,8
3147,1353,541,496,27,25,3,10,8
3147,1353,521,528,18,26,3,10,8
3148,1353,483,637,18,12,3,10,8
3148,1353,345,261,27,20,3,10,8
3148,1353,290,256,26,15,3,10,8
3148,1353,320,228,30,16,3,10,8
3147,1353,151,276,18,18,3,10,8
3147,1353,186,365,26,20,3,10,8
3147,1353,194,413,27,26,3,10,8
3147,1353,229,448,17,25,3,10,8
3155,1354,16,280,45,20,3,10,15
3155,1354,36,275,12,25,3,10,10
3155,1354,40,256,25,30,3,10,10
3155,1354,57,236,30,30,3,10,9
3155,1354,85,250,18,18,3,10,9
3155,1354,98,201,24,25,3,10,10
3155,1354,133,210,25,30,3,10,10
3155,1354,156,238,30,30,3,10,9
3155,1354,131,257,18,18,3,10,10
3155,1354,97,371,40,30,3,10,15
3155,1354,139,316,30,10,3,10,10
3155,1354,161,301,20,20,3,10,9
3155,1354,191,327,25,10,3,10,9
3155,1354,173,344,15,18,3,10,10
3155,1354,153,367,30,20,3,10,10
3155,1354,182,397,30,30,3,10,10
3156,1354,188,333,30,30,1,18000,30
3155,1354,162,420,30,18,3,10,9
3155,1354,183,457,20,30,3,10,9
3155,1354,210,437,30,20,3,10,9
3155,1354,229,419,25,20,3,10,10
3155,1354,259,455,25,16,3,10,10
3155,1354,236,474,30,16,3,10,10
3155,1354,220,492,30,16,3,10,10
3155,1354,254,521,30,15,3,10,10
3155,1354,289,563,20,10,3,10,9
3155,1354,297,535,10,20,3,10,10
3155,1354,295,480,30,25,3,10,10
3155,1354,327,513,35,15,3,10,10
3155,1354,345,494,20,13,3,10,10
3155,1354,378,459,22,30,3,10,10
3155,1354,410,428,25,14,3,10,10
3155,1354,384,390,15,25,3,10,10
3155,1354,353,355,30,16,3,10,10
3155,1354,337,375,25,14,3,10,10
3155,1354,314,396,25,16,3,10,10
3155,1354,292,419,30,17,3,10,10
3155,1354,373,436,17,30,3,10,10
3155,1354,184,206,30,12,3,10,10
3155,1354,201,197,20,10,3,10,10
3155,1354,227,226,20,15,3,10,10
3155,1354,210,245,30,12,3,10,10
3155,1354,190,262,25,25,3,10,10
3155,1354,204,290,25,11,3,10,10
3155,1354,225,296,25,11,3,10,10
3155,1354,271,319,20,8,3,10,10
3155,1354,298,348,25,15,3,10,10
3155,1354,294,225,25,15,3,10,10
3155,1354,312,208,20,15,3,10,10
3155,1354,334,184,25,15,3,10,10
3155,1354,383,200,20,15,3,10,10
3155,1354,366,215,25,16,3,10,10
3155,1354,349,234,25,14,3,10,10
3155,1354,318,265,25,12,3,10,10
3155,1354,295,295,20,10,3,10,10
3155,1354,322,324,25,15,3,10,10
3155,1354,339,307,25,15,3,10,10
3155,1354,357,286,25,20,3,10,10
3155,1354,468,379,25,17,3,10,10
3155,1354,492,405,20,16,3,10,10
3155,1354,542,359,25,17,3,10,10
3155,1354,566,336,20,16,3,10,10
3155,1354,585,318,25,15,3,10,10
3155,1354,626,356,25,20,3,10,10
3155,1354,604,378,25,18,3,10,10
3155,1354,591,395,20,13,3,10,10
3155,1354,397,250,25,15,3,10,10
3155,1354,414,232,25,15,3,10,10
3155,1354,435,214,25,19,3,10,10
3155,1354,453,192,20,19,3,10,10
3155,1354,266,380,25,19,3,10,10
3155,1354,442,393,20,15,3,10,10
3155,1354,224,358,20,16,3,10,10
3155,1354,414,360,25,17,3,10,10
3155,1354,508,455,15,12,3,10,10
3155,1354,555,411,20,20,3,10,10
3155,1354,541,423,18,12,3,10,10
3155,1354,380,539,12,18,3,10,10
3155,1354,541,550,18,12,3,10,10
3155,1354,570,445,25,25,3,10,10
3155,1354,602,466,25,18,3,10,10
3155,1354,634,493,25,36,3,10,10
3155,1354,653,514,20,36,3,10,10
3155,1354,496,535,25,15,3,10,10
3155,1354,515,515,18,15,3,10,10
3155,1354,471,486,18,25,3,10,10
3155,1354,680,425,10,10,3,10,10
3155,1354,662,400,25,15,3,10,10
3155,1354,372,406,25,24,3,10,10
3155,1354,495,479,12,7,3,10,10
3155,1354,565,526,20,12,3,10,10
3155,1354,274,246,25,20,3,10,10
3155,1354,518,255,15,15,3,10,10
3155,1354,433,343,20,20,3,10,10
3155,1354,522,379,12,18,3,10,10
3155,1354,490,350,20,18,3,10,10
3155,1354,508,334,20,20,3,10,10
3155,1354,321,449,20,20,3,10,10
3155,1354,456,592,20,20,3,10,10
3155,1354,558,648,25,25,3,10,10
3155,1354,573,592,15,25,3,10,10
3155,1354,451,467,20,9,3,10,10
3155,1354,540,477,25,15,3,10,10
3155,1354,581,628,25,25,3,10,10
3155,1354,669,555,25,15,3,10,10
3155,1354,737,551,30,18,3,10,10
3155,1354,693,598,25,20,3,10,10
3155,1354,803,628,25,20,3,10,10
3155,1354,687,659,30,25,3,10,10
3155,1354,670,681,20,14,3,10,10
3155,1354,589,763,25,19,3,10,10
3155,1354,669,629,25,20,3,10,10
3155,1354,622,535,30,18,3,10,10
3155,1354,762,671,25,18,3,10,10
3155,1354,651,572,25,18,3,10,10
3155,1354,861,712,20,25,3,10,10
3155,1354,618,794,30,25,3,10,10
3155,1354,607,551,25,15,3,10,10
3155,1354,608,680,20,12,3,10,10
3155,1354,826,605,25,20,3,10,10
3155,1354,847,586,20,13,3,10,10
3155,1354,658,841,25,20,3,10,10
3155,1354,728,704,25,12,3,10,10
3155,1354,608,742,25,14,3,10,10
3155,1354,469,674,25,15,3,10,10
3155,1354,356,563,25,13,3,10,10
3155,1354,720,491,25,18,3,10,10
3155,1354,923,649,20,20,3,10,10
900,1002,370,91,1,1,1,10,1
900,1002,364,97,1,1,1,10,1
900,1002,553,195,1,1,1,10,1
900,1002,783,511,1,1,1,10,1
900,1002,222,418,1,1,1,10,1
900,1002,783,511,1,1,1,10,1
900,1002,649,674,1,1,1,10,1
900,1002,435,362,1,1,1,5,1
900,1002,509,359,1,1,1,5,1
900,1002,407,288,1,1,1,5,1
900,1002,451,291,1,1,1,5,1
900,1002,401,235,1,1,1,5,1
900,1002,449,243,1,1,1,5,1
900,1002,462,233,1,1,1,5,1
900,1002,363,399,1,1,1,5,1
900,1002,373,354,1,1,1,5,1
900,1002,390,367,1,1,1,5,1
900,1002,380,328,1,1,1,5,1
200,1300,309,597,44,51,3,1,17
200,1300,257,549,40,63,3,1,17
200,1300,207,518,40,30,2,1,17
200,1300,317,514,25,26,1,1,17
200,1300,241,473,62,55,3,1,17
200,1300,362,605,36,30,2,1,17
200,1300,388,371,40,24,2,1,17
200,1300,220,347,38,24,2,1,17
200,1300,347,378,30,26,2,1,17
200,1300,253,304,70,53,5,1,17
200,1300,329,343,26,25,1,1,17
200,1300,320,425,90,64,6,1,17
200,1300,162,319,65,60,5,1,17
200,1300,52,323,35,25,2,1,17
200,1300,85,279,70,40,5,1,17
200,1300,101,353,40,63,4,1,17
200,1300,153,401,90,63,6,1,17
200,1300,232,175,37,24,2,1,17
200,1300,333,253,90,63,6,1,17
200,1300,342,171,46,60,4,1,17
200,1300,265,131,67,41,4,1,17
201,1300,276,196,45,72,5,1,17
201,1300,309,597,44,51,3,1,41
201,1300,257,549,40,63,3,1,41
201,1300,207,518,40,30,2,1,41
201,1300,317,514,25,26,1,1,41
201,1300,241,473,62,55,3,1,41
201,1300,362,605,36,30,2,1,41
201,1300,388,371,40,24,2,1,41
201,1300,220,347,38,24,2,1,41
201,1300,347,378,30,26,2,1,41
201,1300,253,304,70,53,5,1,41
201,1300,329,343,26,25,1,1,41
201,1300,320,425,90,64,6,1,41
201,1300,162,319,65,60,5,1,41
201,1300,52,323,35,25,2,1,41
201,1300,85,279,70,40,5,1,41
201,1300,101,353,40,63,4,1,41
201,1300,153,401,90,63,6,1,41
201,1300,342,171,46,60,4,1,41
201,1300,265,131,67,41,4,1,41
201,1300,276,196,45,72,5,1,41
201,1300,232,175,37,24,2,1,41
201,1300,333,253,90,63,6,1,41
201,1300,264,368,45,72,5,1,20
201,1300,421,327,68,41,3,1,20
201,1300,433,155,70,54,5,1,20
201,1300,510,196,45,56,3,1,20
201,1300,489,449,90,60,6,1,20
201,1300,498,367,46,60,3,1,20
201,1300,501,277,90,65,6,1,20
201,1300,432,392,45,72,4,1,20
201,1300,400,199,37,24,2,1,20
201,1300,444,220,55,72,5,1,20
201,1300,264,368,45,72,5,1,35
201,1300,421,327,68,41,3,1,35
201,1300,433,155,70,54,5,1,35
201,1300,510,196,45,56,3,1,35
201,1300,489,449,90,60,6,1,45
201,1300,498,367,46,60,3,1,35
201,1300,501,277,90,65,6,1,45
201,1300,432,392,45,72,4,1,35
201,1300,400,199,37,24,2,1,20
201,1300,444,220,55,72,5,1,35
3141,1351,77,134,24,10,3,10,6
3141,1351,100,128,9,24,3,10,6
3141,1351,112,91,17,17,3,10,6
3142,1351,140,65,11,11,3,10,6
3142,1351,150,57,20,2,3,10,6
3141,1351,192,81,20,7,3,10,8
3141,1351,179,72,20,7,3,10,8
3141,1351,229,147,24,10,3,10,6
3141,1351,224,175,23,13,3,10,6
3141,1351,254,161,30,10,3,10,6
3141,1351,245,278,20,10,3,10,6
3142,1351,220,152,24,9,3,10,6
3141,1351,210,163,20,5,3,10,6
3141,1351,233,179,20,2,3,10,6
3141,1351,305,224,25,16,3,10,6
3142,1351,324,217,8,28,3,10,6
3141,1351,301,242,25,9,3,10,6
3141,1351,254,146,24,15,3,10,6
3141,1351,215,154,24,10,3,10,6
3141,1351,241,150,24,10,3,10,6
3141,1351,224,178,20,10,3,10,6
3141,1351,222,160,20,4,3,10,6
3141,1351,278,165,4,20,3,10,6
3141,1351,316,212,28,10,3,10,6
3141,1351,310,224,28,10,3,10,6
3141,1351,112,94,20,14,3,10,6
3141,1351,141,70,20,10,3,10,6
3141,1351,167,61,20,10,3,10,6
3141,1351,185,75,20,10,3,10,6
3141,1351,207,100,20,5,3,10,6
3141,1351,184,125,5,2,3,10,6
3141,1351,198,111,5,5,3,10,3
3141,1351,208,102,9,5,3,10,6
3141,1351,180,131,15,10,3,10,6
3141,1351,164,146,15,10,3,10,6
3141,1351,146,175,24,24,3,10,6
3141,1351,133,184,24,10,3,10,6
3141,1351,105,206,24,10,3,10,6
3141,1351,103,214,15,14,3,10,6
3141,1351,137,179,15,14,3,10,6
3141,1351,175,183,24,30,3,10,6
3141,1351,199,202,24,30,3,10,6
3141,1351,154,265,24,20,3,10,6
3141,1351,181,293,9,15,3,10,6
3141,1351,233,302,28,30,3,10,6
3141,1351,237,308,30,15,3,10,6
3141,1351,233,297,12,15,3,10,6
3141,1351,238,291,24,10,3,10,6
3141,1351,275,309,4,20,3,10,6
3141,1351,294,332,4,20,3,10,6
3141,1351,300,343,20,5,3,10,6
3141,1351,311,350,6,20,3,10,6
3141,1351,327,383,30,10,3,10,6
3141,1351,306,404,20,10,3,10,6
3141,1351,355,356,30,10,3,10,6
3141,1351,342,268,10,30,3,10,6
3141,1351,302,243,60,20,3,10,6
3141,1351,262,153,24,10,3,10,6
3141,1351,227,178,24,30,3,10,6
3141,1351,209,156,10,30,3,10,6
3141,1351,21,128,20,20,3,10,6
3141,1351,76,139,20,20,3,10,6
3141,1351,97,108,20,20,3,10,6
3141,1351,133,79,30,20,3,10,8
3141,1351,154,56,20,20,3,10,6
3144,1352,233,297,60,20,3,10,7
3144,1352,34,182,35,28,3,10,7
3144,1352,79,279,10,30,3,10,10
3144,1352,133,79,30,20,3,10,7
3144,1352,586,493,30,20,3,10,7
3144,1352,536,432,24,20,3,10,7
3144,1352,579,483,24,30,3,10,7
3144,1352,620,511,24,10,3,10,7
3144,1352,645,488,30,10,3,10,7
3144,1352,633,503,20,10,3,10,7
3144,1352,603,529,20,10,3,10,7
3144,1352,543,591,20,10,3,10,9
3144,1352,507,628,20,10,3,10,9
3144,1352,469,618,20,10,3,10,9
3144,1352,444,643,20,10,3,10,9
3144,1352,485,600,20,10,3,10,9
3144,1352,428,586,30,20,3,10,7
3144,1352,399,568,15,30,3,10,7
3144,1352,428,586,15,30,3,10,7
3144,1352,452,490,30,10,3,10,7
3144,1352,480,415,30,10,3,10,7
3144,1352,539,433,20,30,3,10,7
3144,1352,502,392,30,10,3,10,7
3144,1352,516,317,30,60,3,10,7
3144,1352,499,397,30,10,3,10,7
3144,1352,388,403,30,10,3,10,7
3144,1352,361,358,20,60,3,10,10
3144,1352,271,426,30,12,3,10,7
3144,1352,330,445,30,10,3,10,7
3144,1352,377,428,10,30,3,10,7
3144,1352,277,446,20,60,3,10,10
3144,1352,318,382,20,10,3,10,7
3144,1352,359,356,60,20,3,10,10
3144,1352,315,389,60,10,3,10,7
3144,1352,348,294,60,10,3,10,7
3144,1352,317,228,60,10,3,10,7
3144,1352,222,263,30,25,3,10,10
3144,1352,203,269,10,30,3,10,10
3144,1352,89,238,30,20,3,10,10
3144,1352,166,214,30,20,3,10,10
3144,1352,277,253,30,20,3,10,10
3144,1352,295,291,30,20,3,10,10
3144,1352,272,252,30,20,3,10,10
3144,1352,298,274,30,20,3,10,10
3144,1352,320,328,30,20,3,10,10
3144,1352,217,366,40,20,3,10,10
3144,1352,168,357,30,20,3,10,10
3144,1352,219,363,30,20,3,10,10
3144,1352,164,350,30,20,3,10,10
3144,1352,217,364,30,20,3,10,10
3144,1352,174,365,30,10,3,10,7
3144,1352,144,140,10,10,3,10,7
3144,1352,103,150,30,10,3,10,7
3144,1352,155,116,10,30,3,10,7
3144,1352,211,119,30,20,3,10,7
3144,1352,248,198,30,10,3,10,7
3144,1352,354,165,30,30,3,10,12
3145,1352,362,160,10,18,3,10,7
3144,1352,317,130,30,10,3,10,7
3144,1352,271,176,20,10,3,10,7
3144,1352,248,197,20,10,3,10,7
3144,1352,222,178,30,10,3,10,8
3144,1352,306,139,11,11,3,10,7
3144,1352,319,123,11,11,3,10,7
3144,1352,177,76,11,11,3,10,7
3144,1352,162,284,30,10,3,10,7
3144,1352,379,467,30,10,3,10,7
3144,1352,321,521,20,20,3,10,7
3144,1352,504,393,10,10,3,10,7
3155,1354,205,393,15,15,3,10,10
3155,1354,696,813,25,15,3,10,10
3155,1354,505,285,25,20,3,10,10
3155,1354,462,328,25,20,3,10,10
3155,1354,536,383,25,20,3,10,10
3155,1354,694,851,25,20,3,10,10
3155,1354,506,648,25,20,3,10,10
3155,1354,897,623,18,15,3,10,10
3155,1354,862,634,20,25,3,10,10
3155,1354,862,583,12,10,3,10,10
3155,1354,825,622,12,10,3,10,10
3155,1354,790,654,20,10,3,10,10
3155,1354,752,694,20,12,3,10,10
3155,1354,720,725,20,12,3,10,10
3155,1354,703,748,20,12,3,10,10
3155,1354,714,756,12,20,3,10,10
3155,1354,733,775,12,20,3,10,10
3155,1354,785,661,20,12,3,10,10
3155,1354,861,586,12,12,3,10,10
3155,1354,867,637,20,20,3,10,10
3155,1354,14,288,20,20,3,10,10
3155,1354,89,224,12,20,3,10,10
3155,1354,122,287,22,20,3,10,10
3155,1354,115,307,10,12,3,10,10
3155,1354,143,328,12,20,3,10,10
3155,1354,110,396,25,12,3,10,10
3155,1354,127,377,25,12,3,10,10
3155,1354,147,250,12,12,3,10,10
3155,1354,180,220,12,12,3,10,10
3155,1354,157,177,25,10,3,10,10
3155,1354,138,396,25,20,3,10,10
3155,1354,175,390,12,12,3,10,10
3155,1354,178,414,12,10,3,10,10
3155,1354,160,438,12,10,3,10,10
3155,1354,182,253,12,10,3,10,10
3155,1354,181,280,12,10,3,10,10
3155,1354,222,309,20,10,3,10,10
3155,1354,262,312,12,10,3,10,10
3155,1354,258,342,20,18,3,10,10
3155,1354,243,386,12,18,3,10,10
3155,1354,262,400,18,18,3,10,10
3155,1354,294,369,25,12,3,10,10
3155,1354,322,343,12,12,3,10,10
3155,1354,343,368,10,10,3,10,10
3155,1354,314,281,20,12,3,10,10
3155,1354,296,301,12,20,3,10,10
3155,1354,267,267,20,20,3,10,10
3155,1354,319,342,20,10,3,10,10
3155,1354,291,370,12,10,3,10,10
3155,1354,261,398,20,20,3,10,10
3155,1354,253,342,25,15,3,10,10
3155,1354,259,333,12,12,3,10,10
3155,1354,258,307,6,6,3,10,10
3155,1354,343,292,18,12,3,10,10
3155,1354,220,311,18,20,3,10,10
3147,1353,103,185,24,15,3,10,8
3147,1353,86,201,24,15,3,10,8
3147,1353,72,223,24,15,3,10,8
3147,1353,56,236,24,15,3,10,8
3147,1353,135,303,24,15,3,10,8
3147,1353,121,317,24,15,3,10,8
3147,1353,104,335,24,15,3,10,8
3147,1353,121,361,24,15,3,10,8
3147,1353,137,347,24,15,3,10,8
3147,1353,155,331,24,15,3,10,8
3147,1353,169,313,24,15,3,10,8
3147,1353,183,303,24,15,3,10,8
3147,1353,190,291,24,15,3,10,8
3147,1353,200,281,24,15,3,10,8
3147,1353,222,262,24,15,3,10,8
3147,1353,240,243,24,15,3,10,8
3147,1353,250,232,24,15,3,10,8
3147,1353,265,219,24,15,3,10,8
3147,1353,285,200,24,15,3,10,8
3147,1353,203,231,24,15,3,10,8
3147,1353,220,213,24,15,3,10,8
3147,1353,236,198,24,15,3,10,8
3147,1353,252,181,24,15,3,10,8
3147,1353,269,149,24,15,3,10,8
3147,1353,160,160,24,15,3,10,8
3147,1353,166,119,24,15,3,10,8
3147,1353,187,105,24,15,3,10,8
3147,1353,195,97,24,15,3,10,8
3147,1353,208,81,24,15,3,10,8
3147,1353,225,64,24,15,3,10,8
3147,1353,238,48,24,15,3,10,8
3147,1353,262,34,24,15,3,10,8
3147,1353,280,38,24,15,3,10,8
3147,1353,300,59,24,15,3,10,8
3147,1353,283,82,24,15,3,10,8
3147,1353,270,100,24,15,3,10,8
3147,1353,273,117,24,15,3,10,8
3147,1353,292,139,24,15,3,10,8
3147,1353,313,124,24,15,3,10,8
3147,1353,321,110,24,15,3,10,8
3147,1353,336,100,24,15,3,10,8
3147,1353,356,113,24,15,3,10,8
3147,1353,341,136,24,15,3,10,8
3147,1353,109,179,24,15,3,10,8
3147,1353,87,200,24,15,3,10,8
3147,1353,65,226,24,15,3,10,8
3147,1353,46,242,24,15,3,10,8
3147,1353,139,296,13,12,3,10,8
3147,1353,124,310,13,12,3,10,8
3147,1353,98,336,13,12,3,10,8
3147,1353,125,356,13,12,3,10,8
3147,1353,142,341,13,12,3,10,8
3147,1353,154,329,13,12,3,10,8
3147,1353,179,305,13,12,3,10,8
3147,1353,190,293,13,12,3,10,8
3147,1353,205,275,13,12,3,10,8
3147,1353,214,253,13,12,3,10,8
3147,1353,245,239,13,12,3,10,8
3147,1353,265,216,13,12,3,10,8
3147,1353,411,463,17,16,3,10,8
3147,1353,453,476,13,12,3,10,8
3147,1353,560,372,21,15,3,10,8
3147,1353,425,461,15,12,3,10,8
3147,1353,403,450,13,16,3,10,8
3147,1353,382,442,13,21,3,10,8
3147,1353,361,397,14,12,3,10,8
3148,1353,384,232,14,14,3,10,8
3148,1353,407,210,14,14,3,10,8
3148,1353,459,221,14,14,3,10,8
3148,1353,259,355,14,14,3,10,8
3148,1353,228,327,14,14,3,10,8
3148,1353,242,308,14,14,3,10,8
3148,1353,256,292,14,14,3,10,8
3148,1353,272,287,14,14,3,10,8
3148,1353,297,313,14,14,3,10,8
3148,1353,285,329,14,14,3,10,8
3148,1353,274,343,14,14,3,10,8
3148,1353,259,394,14,14,3,10,8
3148,1353,223,324,14,14,3,10,8
3155,1354,182,280,12,10,3,10,10
3155,1354,198,293,12,12,3,10,10
3155,1354,180,252,10,12,3,10,10
3155,1354,160,253,12,12,3,10,10
3155,1354,132,201,12,10,3,10,10
3155,1354,103,196,20,15,3,10,10
3155,1354,80,222,12,12,3,10,10
3155,1354,66,264,12,12,3,10,10
3155,1354,51,282,12,10,3,10,10
3155,1354,23,298,20,24,3,10,10
3155,1354,181,280,12,12,3,10,10
3155,1354,237,164,25,25,3,10,10
3155,1354,209,133,25,25,3,10,10
3155,1354,178,156,25,12,3,10,10
3155,1354,149,190,25,12,3,10,10
3155,1354,168,206,12,30,3,10,10
3155,1354,111,296,25,16,3,10,10
3155,1354,111,358,30,16,3,10,10
3155,1354,85,324,30,25,3,10,10
3155,1354,67,340,30,36,3,10,10
3155,1354,115,353,30,36,3,10,10
3155,1354,102,368,30,36,3,10,10
3155,1354,203,388,24,20,3,10,10
3155,1354,204,458,30,20,3,10,10
3155,1354,172,362,25,20,3,10,10
3155,1354,191,340,25,20,3,10,10
3155,1354,158,310,20,10,3,10,10
3155,1354,110,294,40,24,3,10,10
3155,1354,125,287,30,10,3,10,10
3155,1354,157,233,30,30,3,10,10
3155,1354,87,210,30,20,3,10,10
3155,1354,59,242,30,10,3,10,10
3155,1354,27,273,30,10,3,10,10
3649,1002,428,256,30,30,0,300,30
3650,1011,232,260,30,30,0,300,30
3651,1020,567,578,30,30,0,300,30
3652,1000,485,584,30,30,0,300,30
3653,1015,737,548,30,30,0,300,30
5046,4021,89,168,400,170,80,1,16
5050,4021,89,168,400,170,60,1,18
5051,4021,89,168,400,170,15,1,40
5045,4021,174,338,220,85,40,1,16
5049,4021,174,338,220,85,30,1,18
5045,4021,271,423,60,90,20,1,16
5049,4021,271,423,60,90,15,1,18
5045,4021,257,74,10,120,10,1,10
5046,4021,257,74,10,120,10,1,10
5049,4021,257,74,10,120,10,3,12
5050,4021,257,74,10,120,10,3,12
5051,4021,257,74,10,120,1,15,25
5057,4022,55,155,300,110,40,1,17
5054,4022,55,155,300,110,40,1,23
5053,4022,55,155,300,110,30,3,19
5056,4022,55,155,300,110,40,10,25
5057,4022,160,75,100,245,40,1,17
5054,4022,160,75,100,245,30,1,23
5053,4022,160,75,100,245,30,3,19
5056,4022,160,75,100,245,40,10,25
5055,4023,254,574,10,10,1,300,5
5055,4023,348,474,10,10,1,300,5
5055,4023,500,380,10,10,1,300,5
5055,4023,493,210,10,10,1,300,5
5055,4023,326,111,10,10,1,300,5
5055,4023,223,210,10,10,1,300,5
5055,4023,119,314,10,10,1,300,5
5055,4023,155,460,10,10,1,300,5
5055,4023,252,406,10,10,1,300,5
5055,4023,267,279,10,10,1,300,5
5055,4023,348,271,10,10,1,300,5
5055,4023,407,362,10,10,1,300,5
5060,4024,254,574,10,10,1,300,5
5060,4024,348,474,10,10,1,300,5
5060,4024,500,380,10,10,1,300,5
5060,4024,493,210,10,10,1,300,5
5060,4024,326,111,10,10,1,300,5
5060,4024,223,210,10,10,1,300,5
5060,4024,119,314,10,10,1,300,5
5060,4024,155,460,10,10,1,300,5
5060,4024,252,406,10,10,1,300,5
5060,4024,267,279,10,10,1,300,5
5060,4024,348,271,10,10,1,300,5
5060,4024,407,362,10,10,1,300,5
5058,4025,128,122,40,40,0,60,80
3600,1700,69,505,50,20,5,60,10
3600,1700,69,535,50,20,5,60,10
3600,1700,69,565,50,20,5,60,10
3600,1700,120,615,50,20,5,60,10
3600,1700,127,542,20,50,5,60,10
3601,1700,120,550,7,70,3,90,7
3601,1700,150,550,7,70,3,90,7
3602,1700,90,505,50,5,2,300,5
3603,1700,120,595,0,0,1,900,1
3604,1700,300,667,20,50,5,60,10
3604,1700,300,607,20,50,5,60,10
3604,1700,300,547,20,50,5,60,10
3604,1700,210,560,20,50,5,60,10
3604,1700,210,610,20,50,5,60,10
3605,1700,272,547,7,70,3,90,7
3605,1700,272,630,7,70,3,90,7
3606,1700,260,610,5,50,2,300,5
3607,1700,270,635,0,0,1,900,1
3608,1700,440,690,20,50,5,60,10
3608,1700,480,690,20,50,5,60,10
3608,1700,445,633,50,20,5,60,10
3608,1700,445,578,50,20,5,60,10
3608,1700,435,516,50,20,5,60,10
3609,1700,435,556,70,7,3,90,7
3609,1700,435,668,70,7,3,90,7
3610,1700,445,613,50,5,2,300,5
3611,1700,465,596,0,0,1,900,1
3612,1700,612,955,50,20,5,60,10
3612,1700,612,984,50,20,5,60,10
3612,1700,614,1061,50,20,5,60,10
3612,1700,615,1087,50,20,5,60,10
3612,1700,688,950,20,50,5,60,10
3613,1700,689,1008,7,70,3,90,7
3613,1700,721,1012,7,70,3,90,7
3614,1700,746,1028,50,5,2,300,5
3615,1700,749,1039,0,0,1,900,1
3616,1700,955,612,50,20,5,60,10
3616,1700,955,641,50,20,5,60,10
3616,1700,954,710,50,20,5,60,10
3616,1700,954,734,50,20,5,60,10
3616,1700,1010,612,20,50,5,60,10
3617,1700,1010,670,7,70,3,90,7
3617,1700,1049,643,7,70,3,90,7
3618,1700,1064,699,50,5,2,300,5
3619,1700,1071,709,0,0,1,900,1
3620,1700,663,467,50,20,5,60,10
3620,1700,663,507,50,20,5,60,10
3620,1700,606,462,20,50,5,60,10
3620,1700,551,472,20,50,5,60,10
3620,1700,489,462,20,50,5,60,10
3621,1700,529,462,7,70,3,90,7
3621,1700,641,462,7,70,3,90,7
3622,1700,586,472,5,50,2,300,5
3623,1700,569,492,0,0,1,900,1
3624,1700,640,327,50,20,5,60,10
3624,1700,580,327,50,20,5,60,10
3624,1700,520,327,50,20,5,60,10
3624,1700,533,237,50,20,5,60,10
3624,1700,583,237,50,20,5,60,10
3625,1700,520,299,70,7,3,90,7
3625,1700,603,299,70,7,3,90,7
3626,1700,583,287,50,5,2,300,5
3627,1700,608,297,0,0,1,900,1
3628,1700,493,96,20,50,5,60,10
3628,1700,500,96,20,50,5,60,10
3628,1700,530,96,20,50,5,60,10
3628,1700,583,147,20,50,5,60,10
3628,1700,515,154,50,20,5,60,10
3629,1700,523,147,70,7,3,90,7
3629,1700,523,177,70,7,3,90,7
3630,1700,498,117,5,50,2,300,5
3631,1700,568,147,0,0,1,900,1
3601,1700,866,916,30,30,3,90,10
3605,1700,914,874,30,30,3,90,10
3609,1700,383,843,50,50,3,90,10
3613,1700,465,902,50,50,3,90,10
3617,1700,835,416,50,50,3,90,10
3621,1700,899,469,50,50,3,90,10
3625,1700,633,707,70,70,3,90,10
3625,1700,713,645,70,70,3,90,10
3629,1700,723,751,40,40,3,90,10
3617,1700,369,246,30,30,3,90,10
3621,1700,407,286,30,30,3,90,10
3625,1700,233,384,30,30,3,90,10
3629,1700,272,419,30,30,3,90,10
3613,1700,303,356,30,30,3,90,10
3609,1700,336,321,30,30,3,90,10
3636,1700,93,552,0,0,1,600,0
3637,1700,305,686,0,0,1,600,0
3638,1700,474,599,0,0,1,600,0
3639,1700,658,490,0,0,1,600,0
3640,1700,701,326,0,0,1,600,0
3641,1700,650,987,0,0,1,600,0
3642,1700,556,96,0,0,1,600,0
3643,1700,996,693,0,0,1,600,0
5555,1052,221,212,40,40,0,60,80
3632,1700,447,875,30,30,0,300,30
3633,1700,886,443,30,30,0,300,30
3634,1700,925,934,30,30,0,300,30
3635,1700,717,738,30,30,0,300,30
3644,1700,337,341,30,30,0,300,30
3645,1700,337,341,30,30,0,300,30
3646,1700,337,341,30,30,0,300,30
6000,1043,22,56,81,44,1,8,18
6000,1043,50,16,27,34,1,10,13
6000,1043,106,57,36,37,1,10,18
6000,1043,106,100,20,63,1,10,18
6000,1043,129,104,57,90,1,8,18
6000,1043,61,104,39,33,1,10,18
6001,1044,22,56,81,44,1,8,18
6001,1044,50,16,27,34,1,10,13
6001,1044,106,57,36,37,1,10,18
6001,1044,106,100,20,63,1,10,18
6001,1044,129,104,57,90,1,8,18
6001,1044,61,104,39,33,1,10,18
6002,1045,22,56,81,44,1,8,18
6002,1045,50,16,27,34,1,10,13
6002,1045,106,57,36,37,1,10,18
6002,1045,106,100,20,63,1,10,18
6002,1045,129,104,57,90,1,8,18
6002,1045,61,104,39,33,1,10,18
6003,1046,22,56,81,44,1,8,18
6003,1046,50,16,27,34,1,10,13
6003,1046,106,57,36,37,1,10,18
6003,1046,106,100,20,63,1,10,18
6003,1046,129,104,57,90,1,8,18
6003,1046,61,104,39,33,1,10,18
6004,1047,22,56,81,44,1,8,18
6004,1047,50,16,27,34,1,10,13
6004,1047,106,57,36,37,1,10,18
6004,1047,106,100,20,63,1,10,18
6004,1047,129,104,57,90,1,8,18
6004,1047,61,104,39,33,1,10,18
6005,1048,22,56,81,44,1,8,18
6005,1048,50,16,27,34,1,10,13
6005,1048,106,57,36,37,1,10,18
6005,1048,106,100,20,63,1,10,18
6005,1048,129,104,57,90,1,8,18
6005,1048,61,104,39,33,1,10,18
6006,1049,22,56,81,44,1,8,18
6006,1049,50,16,27,34,1,10,13
6006,1049,106,57,36,37,1,10,18
6006,1049,106,100,20,63,1,10,18
6006,1049,129,104,57,90,1,8,18
6006,1049,61,104,39,33,1,10,18
900,1002,418,353,1,1,1,5,1
900,1011,241,248,1,1,1,5,1
6010,1011,353,717,50,50,1,1200,53
6011,1000,122,269,108,150,1,1800,153
6016,1070,155,155,22,27,2,60,2
6015,1070,124,124,23,23,2,60,2
6016,1070,95,95,22,22,2,60,2
6015,1070,63,63,26,26,2,60,2
6017,1070,20,20,40,40,2,60,2
6018,1070,20,20,30,35,1,600,43
120,1075,336,30,78,73,10,1,7
120,1075,304,55,29,48,10,1,7
120,1075,257,105,178,108,10,1,7
120,1075,257,217,188,79,10,1,7
120,1075,227,129,27,34,10,1,7
120,1075,196,166,59,47,10,1,7
120,1075,196,215,59,81,10,1,7
120,1075,172,182,22,114,10,1,7
120,1075,141,217,29,78,10,1,7
120,1075,94,243,45,51,10,1,7
121,1075,52,313,430,97,10,1,7
121,1075,20,337,29,47,10,1,7
121,1075,65,412,34,22,10,1,7
121,1075,101,414,32,46,10,1,7
121,1075,135,413,106,81,10,1,7
121,1075,115,462,18,16,10,1,7
121,1075,157,496,33,24,10,1,7
121,1075,192,496,49,55,10,1,7
121,1075,243,413,238,83,10,1,7
121,1075,243,498,248,104,10,1,7
121,1075,213,553,28,31,10,1,7
121,1075,262,604,38,21,10,1,7
121,1075,302,604,210,56,10,1,7
121,1075,310,665,202,9,10,1,7
121,1075,346,677,184,44,10,1,7
121,1075,383,723,31,35,10,1,7
121,1075,416,723,96,55,10,1,7
121,1075,514,723,20,157,10,1,7
121,1075,465,780,46,48,10,1,7
121,1075,431,780,32,20,10,1,7
121,1075,536,790,30,54,10,1,7
121,1075,536,846,37,54,10,1,7
121,1075,493,563,21,38,10,1,7
122,1075,516,285,141,109,10,1,7
122,1075,535,394,124,19,10,1,7
122,1075,563,489,96,60,10,1,7
122,1075,538,416,121,71,10,1,7
122,1075,662,440,138,116,10,1,7
122,1075,661,338,48,99,10,1,7
122,1075,711,385,40,52,10,1,7
122,1075,502,264,123,20,10,1,7
122,1075,498,220,86,42,10,1,7
122,1075,488,196,71,21,10,3,7
122,1075,485,161,34,32,10,2,7
122,1075,477,134,34,25,10,1,7
123,1075,634,900,36,76,10,1,7
123,1075,622,822,120,73,10,1,7
123,1075,601,706,224,109,10,1,7
123,1075,744,819,38,44,10,1,7
123,1075,576,560,321,141,10,1,7
123,1075,827,706,70,47,10,1,7
123,1075,827,755,28,31,10,1,7
123,1075,925,582,23,102,10,2,7
123,1075,950,614,33,41,10,3,7
127,1077,49,323,98,106,15,1,15
127,1077,153,227,105,156,15,1,15
127,1077,157,391,99,96,15,1,15
127,1077,191,180,64,40,15,1,15
127,1077,253,125,84,96,15,1,15
127,1077,260,225,134,136,15,1,15
127,1077,336,42,80,173,15,1,15
127,1077,417,123,78,83,15,1,15
127,1077,399,224,167,73,15,1,15
126,1077,501,324,116,102,15,1,15
127,1077,265,372,141,105,15,1,15
127,1077,267,480,140,80,15,1,15
126,1077,409,424,83,100,15,1,15
126,1077,412,530,80,122,15,1,15
126,1077,497,430,116,136,15,1,15
126,1077,497,572,105,156,15,1,15
126,1077,572,233,61,87,15,1,15
126,1077,619,324,106,110,15,1,15
126,1077,619,440,104,109,15,1,15
125,1077,618,555,103,145,15,1,15
124,1077,607,706,113,81,15,1,15
126,1077,729,407,74,138,15,1,15
126,1077,728,552,87,115,15,1,15
125,1077,726,673,84,121,15,1,15
124,1077,811,730,48,50,15,1,15
124,1077,817,646,91,82,15,1,15
124,1077,816,553,90,90,15,1,15
124,1077,913,621,48,57,15,1,15
124,1077,906,580,47,39,15,1,15
124,1077,964,619,20,36,10,2,15
126,1077,804,493,88,57,15,1,15
124,1077,667,787,39,34,15,1,15
124,1077,708,795,86,50,15,1,15
7000,1052,212,206,10,10,4,300,5
7001,1052,166,287,1,1,1,1,5
7002,1052,80,167,1,1,1,1,5
7003,1052,315,300,1,1,1,1,5
7004,1052,168,81,1,1,1,1,5
7005,1052,288,166,1,1,1,1,5
8100,1002,98,325,90,175,1,300,53
8101,1011,317,77,150,50,1,300,53
8102,1011,328,227,200,300,1,300,53
8103,1011,538,272,110,250,1,300,53
8104,1011,532,768,100,60,1,300,53
8105,1020,608,556,171,144,1,300,53
8106,1020,412,230,198,211,1,300,53
8107,1020,200,177,150,169,1,300,53
8108,1020,232,460,224,142,1,300,53
8109,1000,565,556,180,210,1,300,53
8110,1000,504,333,170,140,1,300,53
8111,1000,250,134,145,280,1,300,53
8112,1000,122,269,108,150,1,300,53
8113,1015,662,665,138,79,1,300,63
8114,1015,456,681,90,100,1,300,63
8116,1001,241,473,62,55,1,300,48
8115,1015,362,469,192,117,1,300,63
8117,1001,388,371,40,24,1,300,53
8118,1001,162,319,65,60,1,300,53
8119,1001,333,253,90,63,1,300,53
8200,1002,98,325,90,175,1,300,53
8201,1011,317,77,150,50,1,300,53
8202,1011,328,227,200,300,1,300,53
8203,1011,538,272,110,250,1,300,53
8204,1011,532,768,100,60,1,300,53
8205,1020,608,556,171,144,1,300,53
8206,1020,412,230,198,211,1,300,53
8207,1020,200,177,150,169,1,300,53
8208,1020,232,460,224,142,1,300,53
8209,1000,565,556,180,210,1,300,53
8210,1000,504,333,170,140,1,300,53
8211,1000,250,134,145,280,1,300,53
8212,1000,122,269,108,150,1,300,53
8213,1015,662,665,138,79,1,300,63
8214,1015,456,681,90,100,1,300,63
8216,1001,241,473,62,55,1,300,53
8215,1015,362,469,192,117,1,300,63
8217,1001,388,371,40,24,1,300,53
8218,1001,162,319,65,60,1,300,53
8219,1001,333,253,90,63,1,300,53
8300,1002,98,325,90,175,1,300,68
8301,1011,317,77,150,50,1,300,68
8302,1011,328,227,200,300,1,300,68
8303,1011,538,272,110,250,1,300,68
8304,1011,532,768,100,60,1,300,68
8305,1020,608,556,171,144,1,300,68
8306,1020,412,230,198,211,1,300,68
8307,1020,200,177,150,169,1,300,68
8308,1020,232,460,224,142,1,300,68
8309,1000,565,556,180,210,1,300,68
8310,1000,504,333,170,140,1,300,68
8311,1000,250,134,145,280,1,300,68
8312,1000,122,269,108,150,1,300,68
8313,1015,662,665,138,79,1,300,73
8314,1015,456,681,90,100,1,300,73
8316,1001,241,473,62,55,1,300,58
8315,1015,362,469,192,117,1,300,73
8317,1001,388,371,40,24,1,300,68
8318,1001,162,319,65,60,1,300,68
8319,1001,333,253,90,63,1,300,68
1400,1215,49,373,70,60,5,3,13
1400,1215,123,355,70,60,5,3,13
1400,1215,122,420,70,60,5,3,13
1400,1215,232,353,70,60,5,3,13
1400,1215,283,310,70,60,5,3,13
1400,1215,267,199,70,60,5,3,13
1400,1215,341,221,70,60,5,3,13
1400,1215,353,216,70,60,5,3,13
1400,1215,384,137,70,60,5,3,13
1400,1215,415,157,70,60,5,3,13
1401,1215,314,514,90,60,5,3,13
1401,1215,310,603,90,60,5,3,13
1401,1215,415,551,90,60,5,3,13
1401,1215,457,476,90,60,5,3,13
1401,1215,516,452,90,60,5,3,13
1401,1215,605,391,90,60,5,3,13
1401,1215,689,367,90,60,5,3,13
1402,1215,502,798,70,50,5,3,13
1402,1215,585,783,70,50,5,3,13
1402,1215,608,733,70,50,5,3,13
1402,1215,667,686,70,50,5,3,13
1402,1215,686,675,70,50,5,3,13
1402,1215,738,635,70,50,5,3,13
1402,1215,771,566,70,50,5,3,13
1403,1207,883,1096,70,70,5,3,13
1403,1207,900,1047,70,70,5,3,13
1403,1207,961,992,70,70,5,3,13
1403,1207,1027,967,70,70,5,3,13
1403,1207,1092,919,70,70,5,3,13
1403,1207,1088,1010,70,70,5,3,13
1404,1207,782,803,80,60,5,3,13
1404,1207,617,818,80,60,5,3,13
1404,1207,467,716,90,70,5,3,13
1404,1207,420,630,90,70,5,3,13
1404,1207,437,535,90,70,5,3,13
1404,1207,545,551,90,70,5,3,13
1404,1207,638,582,90,70,5,3,13
1404,1207,752,634,90,70,5,3,13
1404,1207,858,710,90,70,5,3,13
1404,1207,588,431,90,70,5,3,13
1405,1207,222,149,60,60,5,3,13
1405,1207,184,160,60,60,5,3,13
1405,1207,112,182,60,60,5,3,13
1405,1207,58,233,60,60,5,3,13
1405,1207,67,295,60,60,5,3,13
1405,1207,201,316,60,60,5,3,13
1405,1207,239,259,60,60,5,3,13
1406,1208,59,493,60,60,5,3,13
1406,1208,147,459,60,60,5,3,13
1406,1208,242,401,60,60,5,3,13
1406,1208,278,310,60,60,5,3,13
1406,1208,306,234,70,70,5,3,13
1406,1208,368,149,70,70,5,3,13
1406,1208,494,332,70,70,5,3,13
1406,1208,606,457,70,70,5,3,13
1406,1208,636,569,70,70,5,3,13
1406,1208,440,642,70,70,5,3,13
1407,1214,633,148,60,90,5,3,13
1407,1214,661,250,60,90,5,3,13
1407,1214,757,318,60,90,5,3,13
1407,1214,842,399,60,90,5,3,13
1407,1214,880,519,60,90,5,3,13
1407,1214,908,588,60,90,5,3,13
1408,1214,897,641,70,80,5,3,13
1408,1214,988,667,70,80,5,3,13
1408,1214,1084,658,70,80,5,3,13
1408,1214,1087,768,70,80,5,3,13
1408,1214,957,814,70,80,5,3,13
1408,1214,896,886,60,80,5,3,13
1408,1214,842,1020,60,80,5,3,13
1408,1214,889,947,60,80,5,3,13
1408,1214,868,1168,60,80,5,3,13
1408,1214,967,1150,60,80,5,3,13
1409,1214,657,1168,80,80,5,3,13
1409,1214,536,1161,80,80,5,3,13
1409,1214,476,1042,80,80,5,3,13
1409,1214,522,1007,80,80,5,3,13
1409,1214,591,994,80,80,5,3,13
1409,1214,570,903,80,80,5,3,13
1409,1214,449,866,80,80,5,3,13
1409,1214,365,847,80,80,5,3,13
1409,1214,657,1168,80,80,5,3,13
1409,1214,202,773,80,80,5,3,13
1410,1214,380,586,80,70,5,3,13
1410,1214,255,544,80,70,5,3,13
1410,1214,135,540,80,70,5,3,13
1410,1214,289,487,80,70,5,3,13
1410,1214,353,592,80,70,5,3,13
1410,1214,376,525,80,70,5,3,13
1410,1214,513,521,80,70,5,3,13
1410,1214,446,363,80,70,5,3,13
1410,1214,364,565,80,70,5,3,13
1410,1214,528,351,80,70,5,3,13
1411,1217,319,89,60,60,5,3,13
1411,1217,310,159,60,60,5,3,13
1411,1217,278,229,60,60,5,3,13
1411,1217,319,89,60,60,5,3,13
1411,1217,229,272,60,60,5,3,13
1411,1217,305,315,60,60,5,3,13
1411,1217,398,336,60,60,5,3,13
1411,1217,308,405,60,60,5,3,13
1411,1217,138,423,60,60,5,3,13
1411,1217,233,438,60,60,5,3,13
1412,1217,227,534,60,60,5,3,13
1412,1217,289,579,60,60,5,3,13
1412,1217,382,586,60,60,5,3,13
1412,1217,454,664,60,60,5,3,13
1412,1217,420,731,60,60,5,3,13
1412,1217,510,768,60,60,5,3,13
1413,1217,559,504,60,60,10,3,7
1413,1217,559,416,60,60,10,3,7
1413,1217,612,417,60,60,10,3,7
1413,1217,680,411,60,60,10,3,7
1413,1217,559,504,60,60,10,3,7
1413,1217,601,336,60,60,10,3,7
1413,1217,530,261,60,60,10,3,7
1414,1217,597,623,60,60,10,3,7
1414,1217,649,637,60,60,10,3,7
1414,1217,745,648,60,60,10,3,7
1414,1217,822,670,60,60,10,3,7
1414,1217,752,700,60,60,10,3,7
1414,1217,677,742,60,60,10,3,7
1414,1217,756,774,60,60,10,3,7
1414,1217,597,623,60,60,10,3,7
1414,1217,637,853,60,60,10,3,7
8415,1210,446,301,150,150,1,3600,93
8416,1210,375,599,120,120,1,5,13
8416,1210,509,602,120,120,1,5,13
8416,1210,649,659,120,120,1,5,13
8416,1210,713,592,120,120,1,5,13
8416,1210,543,333,200,200,1,5,13
8416,1210,212,201,380,380,3,5,13
8416,1210,482,353,120,120,1,5,13
8416,1210,543,433,120,120,1,5,13
8415,1210,667,543,120,120,1,3600,133
8416,1210,779,585,120,120,1,5,13
8416,1210,706,658,120,120,1,5,13
8415,1210,557,671,120,120,1,3600,133
8416,1210,623,784,120,120,1,5,13
8415,1210,774,823,120,120,1,3600,133
8416,1210,427,624,120,120,1,5,13
8416,1210,247,482,120,120,1,3,13
8417,1211,749,488,100,100,10,100,13
8418,1211,669,533,100,100,10,100,23
8417,1211,611,603,100,100,10,100,13
8418,1211,520,680,100,100,10,100,23
8417,1211,481,698,100,100,10,100,13
8418,1211,545,592,100,100,10,100,23
8417,1211,654,536,100,100,10,100,13
8418,1211,651,598,100,100,10,100,23
8417,1211,509,554,100,100,10,100,13
8418,1211,301,386,100,100,3,100,23
8417,1211,256,439,100,100,3,100,13
8418,1211,174,450,100,100,3,100,23
8417,1211,230,569,100,100,3,100,13
8418,1211,309,634,100,100,3,100,23
8417,1211,415,753,100,100,3,100,13
8418,1211,512,753,100,100,3,100,23
8419,1212,915,1207,60,60,5,100,15
8419,1212,792,1064,60,60,5,100,15
8419,1212,835,1164,60,60,5,100,15
8419,1212,918,947,60,60,5,100,15
8419,1212,997,980,60,60,5,100,15
8419,1212,1101,1148,60,60,5,200,15
8419,1212,896,773,60,60,5,100,15
8419,1212,954,717,60,60,5,100,15
8419,1212,810,583,60,60,5,100,15
8419,1212,1155,918,60,60,5,200,15
8419,1212,590,588,40,40,5,100,15
8419,1212,619,565,40,40,5,100,15
8419,1212,658,605,40,40,5,100,15
8419,1212,760,422,40,40,5,100,15
8419,1212,725,366,40,40,5,100,15
8419,1212,642,430,60,60,5,200,15
8419,1212,268,197,60,60,5,200,15
8419,1212,239,179,100,40,5,100,13
8419,1212,291,230,60,60,5,200,15
8419,1212,412,423,40,40,5,200,13
8419,1212,184,464,50,50,5,200,15
8419,1212,260,588,50,50,5,200,15
8419,1212,306,549,30,30,5,100,15
8419,1212,145,421,30,30,5,100,15
8419,1212,210,514,30,30,5,100,15
8419,1212,490,709,50,50,5,200,15
8419,1212,516,719,30,30,5,100,15
8419,1212,603,857,50,50,5,200,15
8419,1212,644,872,30,30,5,100,15
8419,1212,654,929,30,30,5,100,15
8421,1212,382,94,60,60,10,100,13
8421,1212,392,146,60,60,10,100,13
8421,1212,469,174,60,60,10,100,13
8421,1212,494,136,60,60,10,100,13
8421,1212,539,211,60,60,10,100,13
8421,1212,499,153,60,60,10,100,13
8421,1212,403,60,60,60,10,100,13
8421,1212,379,43,60,60,10,100,13
8421,1212,446,123,70,70,20,200,13
8422,1219,915,1207,60,60,10,100,13
8422,1219,792,1064,30,60,10,100,13
8422,1219,835,1164,30,60,10,100,13
8422,1219,918,947,60,60,10,100,13
8422,1219,997,980,60,60,10,100,13
8422,1219,1101,1148,60,60,20,200,13
8422,1219,896,773,60,60,10,100,13
8422,1219,954,717,60,60,10,100,13
8422,1219,810,583,60,60,10,100,13
8422,1219,1155,918,60,60,20,200,13
8422,1219,590,588,60,60,10,100,13
8422,1219,619,565,60,60,10,100,13
8422,1219,658,605,60,60,10,100,13
8422,1219,760,422,60,60,10,100,13
8422,1219,725,366,60,60,10,100,13
8422,1219,642,430,70,70,20,200,13
8422,1219,268,197,70,70,20,200,13
8422,1219,313,223,70,70,20,200,13
8422,1219,291,230,70,70,20,200,13
8422,1219,242,198,70,70,20,100,13
8422,1219,184,464,70,70,20,200,13
8422,1219,260,588,70,70,20,200,13
8422,1219,306,549,60,60,10,100,13
8422,1219,145,421,60,60,10,100,13
8422,1219,210,514,60,60,10,100,13
8422,1219,490,709,70,70,20,200,13
8422,1219,516,719,60,60,10,100,13
8422,1219,603,857,70,70,20,200,13
8422,1219,644,872,60,60,10,100,13
8422,1219,654,929,60,60,10,100,13
8422,1219,382,94,40,20,10,100,13
8422,1219,392,146,40,40,10,100,13
8422,1219,469,174,40,40,10,100,13
8422,1219,494,136,40,40,10,100,13
8422,1219,539,211,40,40,10,100,13
8422,1219,499,153,40,40,10,100,13
8422,1219,403,60,40,40,10,100,13
8422,1219,430,93,40,40,10,100,13
8422,1219,446,123,70,70,20,200,13
900,1210,713,1037,1,1,1,10,1
900,1210,719,1041,1,1,1,10,1
8422,1219,412,423,70,70,20,200,13
8420,1212,300,330,350,320,1,31600,350
900,1213,463,250,1,1,1,10,1
900,1213,455,272,1,1,1,10,1
900,1213,429,261,1,1,1,10,1
900,1213,427,279,1,1,1,10,1
3157,1001,650,650,20,20,10,1,3
3157,1001,598,603,20,20,10,1,3
1002,1018,72,111,30,30,0,300,30
1002,1018,109,129,30,30,0,300,30
1002,1018,122,181,30,30,0,300,30
1002,1018,166,178,30,30,0,300,30
1002,1018,179,214,30,30,0,300,30
1002,1018,114,87,30,30,0,300,30
1002,1018,112,111,30,30,0,300,30
1002,1018,152,133,30,30,0,300,30
1002,1018,178,116,30,30,0,300,30
1002,1018,130,104,30,30,0,300,30
1002,1018,225,144,30,30,0,300,30
1002,1018,126,155,30,30,0,300,30
1002,1018,88,11,30,30,0,300,30
1002,1018,22,98,30,30,0,300,30
10023,1002,428,367,30,30,0,0,30
900,1002,435,397,1,1,1,5,1
900,1002,443,397,1,1,1,5,1
900,1002,454,346,1,1,1,5,1
900,1002,470,362,1,1,1,5,1
900,1002,462,391,1,1,1,5,1
900,1002,411,392,1,1,1,5,1
900,1002,350,333,1,1,1,5,1
911,1002,435,449,1,1,1,5,1
10025,9950,59,23,30,43,10,1,6
9700,3954,60,54,60,54,0,0,1
9701,3850,29,38,0,0,0,0,1
1414,1217,597,623,60,60,10,3,7
1414,1217,649,637,60,60,10,3,7
1414,1217,745,648,60,60,10,3,7
1414,1217,822,670,60,60,10,3,7
1414,1217,752,700,60,60,10,3,7
1414,1217,677,742,60,60,10,3,7
1414,1217,756,774,60,60,10,3,7
1414,1217,597,623,60,60,10,3,7
1414,1217,637,853,60,60,10,3,7
10022,1091,27,30,10,10,12,1,5
8500,1212,500,720,60,60,2,10,59
186,1100,109,74,124,119,6,1,15
186,1100,109,74,124,119,10,1,15
10024,1002,380,446,30,30,0,1,30
10024,1002,487,513,30,30,0,1,30
10024,1002,563,501,30,30,0,1,30
10024,1002,583,423,30,30,0,1,30
10024,1002,614,351,30,30,0,1,30
10024,1002,620,261,30,30,0,1,30
10024,1002,741,435,30,30,0,1,30
10024,1002,645,520,30,30,0,1,30
10024,1002,726,645,30,30,0,1,30
10024,1002,833,571,30,30,0,1,30
10024,1002,485,662,30,30,0,1,30
10024,1002,453,749,30,30,0,1,30
10024,1002,349,635,30,30,0,1,30
10024,1002,256,641,30,30,0,1,30
10024,1002,175,435,30,30,0,1,30
10024,1002,148,278,30,30,0,1,30
4500,1001,595,353,20,30,4,10,6
4500,1001,610,431,20,30,4,10,6
18,1015,693,758,116,19,12,1,6
4500,1001,666,470,29,46,5,10,6
8,1011,654,356,75,123,10,1,7
7,1011,404,530,126,120,10,1,7
7,1011,330,599,71,104,10,1,7
2,1002,660,590,130,143,10,1,7
3,1002,590,780,60,94,10,1,7
3,1002,470,780,119,90,10,1,7
